"PreSens Measurement Studio 2","2.1.0.443",""
"Date","Time","Channel","User","SensorID","Sensor_Name","delta_t","Time_Unit","Value","O2_Unit","Mode","Phase","Phase_Unit","Amplitude","Amplitude_Unit","Temp","Temp_Unit","Pressure","Pressure_Unit","Salinity","Salinity_Unit","Error","Cal0","Cal0_Unit","T0","T0_Unit","O2Cal2nd","O2_Unit","Cal2nd","Cal2nd_Unit","T2nd","T2nd_Unit","CalPressure","CalPressure_Unit","f1","dPhi1","dkSv1","dPhi2","dkSv2","m","Cal_Mode","SignalLEDCurrent","User_Signal_Intensity","ReferenceLEDCurrent","Reference_Amplitude","Device_Serial","FwVersion","SwVersion","Sensor_Type","BatchID","Calibration_Date","Sensor_Lot","PreSens_Calibr","Battery_Voltage","Battery_Voltage_Unit"
"07/06/2018","12:36:49","10","default","196169367","O10","0.000","min","172.484","μmol/L","Humid","19.706","deg","119833","µV","34.203","°C","1011.000","hPa","39.0","pmil","0","55.560","deg","20.000","°C","100.000","%a.s.","22.010","deg","20.000","°C","978.000","hPa","0.861","-0.02617","0.00035","0","0","13.56","Humid","62.83","1","54.00","230184.37","SABD0001000008","AAV1.0.0.11","2.1.0.443","PSt7-10","170929-005","6/6/2018 9:09:52 AM","1443-01","0","no battery","V"
"07/06/2018","12:36:50","10","default","196169367","O10","0.011","min","172.557","μmol/L","Humid","19.704","deg","119804","µV","34.197","°C","1011.000","hPa","39.0","pmil","0","55.560","deg","20.000","°C","100.000","%a.s.","22.010","deg","20.000","°C","978.000","hPa","0.861","-0.02617","0.00035","0","0","13.56","Humid","62.83","1","54.00","230150.03","SABD0001000008","AAV1.0.0.11","2.1.0.443","PSt7-10","170929-005","6/6/2018 9:09:52 AM","1443-01","0","no battery","V"
"07/06/2018","12:36:51","10","default","196169367","O10","0.028","min","172.457","μmol/L","Humid","19.712","deg","119809","µV","34.192","°C","1011.000","hPa","39.0","pmil","0","55.560","deg","20.000","°C","100.000","%a.s.","22.010","deg","20.000","°C","978.000","hPa","0.861","-0.02617","0.00035","0","0","13.56","Humid","62.83","1","54.00","230134.92","SABD0001000008","AAV1.0.0.11","2.1.0.443","PSt7-10","170929-005","6/6/2018 9:09:52 AM","1443-01","0","no battery","V"
"07/06/2018","12:36:52","10","default","196169367","O10","0.045","min","172.417","μmol/L","Humid","19.711","deg","119782","µV","34.201","°C","1011.000","hPa","39.0","pmil","0","55.560","deg","20.000","°C","100.000","%a.s.","22.010","deg","20.000","°C","978.000","hPa","0.861","-0.02617","0.00035","0","0","13.56","Humid","62.83","1","54.00","230123.08","SABD0001000008","AAV1.0.0.11","2.1.0.443","PSt7-10","170929-005","6/6/2018 9:09:52 AM","1443-01","0","no battery","V"
"07/06/2018","12:36:53","10","default","196169367","O10","0.062","min","172.571","μmol/L","Humid","19.710","deg","119785","µV","34.179","°C","1011.000","hPa","39.0","pmil","0","55.560","deg","20.000","°C","100.000","%a.s.","22.010","deg","20.000","°C","978.000","hPa","0.861","-0.02617","0.00035","0","0","13.56","Humid","62.83","1","54.00","230094.11","SABD0001000008","AAV1.0.0.11","2.1.0.443","PSt7-10","170929-005","6/6/2018 9:09:52 AM","1443-01","0","no battery","V"
"07/06/2018","12:36:54","10","default","196169367","O10","0.078","min","172.344","μmol/L","Humid","19.714","deg","119770","µV","34.205","°C","1011.000","hPa","39.0","pmil","0","55.560","deg","20.000","°C","100.000","%a.s.","22.010","deg","20.000","°C","978.000","hPa","0.861","-0.02617","0.00035","0","0","13.56","Humid","62.83","1","54.00","230096.43","SABD0001000008","AAV1.0.0.11","2.1.0.443","PSt7-10","170929-005","6/6/2018 9:09:52 AM","1443-01","0","no battery","V"
"07/06/2018","12:36:55","10","default","196169367","O10","0.095","min","172.311","μmol/L","Humid","19.713","deg","119763","µV","34.213","°C","1011.000","hPa","39.0","pmil","0","55.560","deg","20.000","°C","100.000","%a.s.","22.010","deg","20.000","°C","978.000","hPa","0.861","-0.02617","0.00035","0","0","13.56","Humid","62.83","1","54.00","230086.51","SABD0001000008","AAV1.0.0.11","2.1.0.443","PSt7-10","170929-005","6/6/2018 9:09:52 AM","1443-01","0","no battery","V"
"07/06/2018","12:36:56","10","default","196169367","O10","0.113","min","172.361","μmol/L","Humid","19.716","deg","119770","µV","34.197","°C","1011.000","hPa","39.0","pmil","0","55.560","deg","20.000","°C","100.000","%a.s.","22.010","deg","20.000","°C","978.000","hPa","0.861","-0.02617","0.00035","0","0","13.56","Humid","62.83","1","54.00","230081.23","SABD0001000008","AAV1.0.0.11","2.1.0.443","PSt7-10","170929-005","6/6/2018 9:09:52 AM","1443-01","0","no battery","V"
"07/06/2018","12:36:57","10","default","196169367","O10","0.128","min","172.385","μmol/L","Humid","19.714","deg","119770","µV","34.199","°C","1011.000","hPa","39.0","pmil","0","55.560","deg","20.000","°C","100.000","%a.s.","22.010","deg","20.000","°C","978.000","hPa","0.861","-0.02617","0.00035","0","0","13.56","Humid","62.83","1","54.00","230073.59","SABD0001000008","AAV1.0.0.11","2.1.0.443","PSt7-10","170929-005","6/6/2018 9:09:52 AM","1443-01","0","no battery","V"
"07/06/2018","12:36:58","10","default","196169367","O10","0.145","min","172.393","μmol/L","Humid","19.714","deg","119769","µV","34.197","°C","1011.000","hPa","39.0","pmil","0","55.560","deg","20.000","°C","100.000","%a.s.","22.010","deg","20.000","°C","978.000","hPa","0.861","-0.02617","0.00035","0","0","13.56","Humid","62.83","1","54.00","230083.28","SABD0001000008","AAV1.0.0.11","2.1.0.443","PSt7-10","170929-005","6/6/2018 9:09:52 AM","1443-01","0","no battery","V"
"07/06/2018","12:36:59","10","default","196169367","O10","0.161","min","172.348","μmol/L","Humid","19.716","deg","119759","µV","34.199","°C","1011.000","hPa","39.0","pmil","0","55.560","deg","20.000","°C","100.000","%a.s.","22.010","deg","20.000","°C","978.000","hPa","0.861","-0.02617","0.00035","0","0","13.56","Humid","62.83","1","54.00","230077.82","SABD0001000008","AAV1.0.0.11","2.1.0.443","PSt7-10","170929-005","6/6/2018 9:09:52 AM","1443-01","0","no battery","V"
"07/06/2018","12:37:00","10","default","196169367","O10","0.178","min","172.454","μmol/L","Humid","19.711","deg","119770","µV","34.195","°C","1011.000","hPa","39.0","pmil","0","55.560","deg","20.000","°C","100.000","%a.s.","22.010","deg","20.000","°C","978.000","hPa","0.861","-0.02617","0.00035","0","0","13.56","Humid","62.83","1","54.00","230078.87","SABD0001000008","AAV1.0.0.11","2.1.0.443","PSt7-10","170929-005","6/6/2018 9:09:52 AM","1443-01","0","no battery","V"
"07/06/2018","12:37:01","10","default","196169367","O10","0.194","min","172.475","μmol/L","Humid","19.713","deg","119769","µV","34.187","°C","1011.000","hPa","39.0","pmil","0","55.560","deg","20.000","°C","100.000","%a.s.","22.010","deg","20.000","°C","978.000","hPa","0.861","-0.02617","0.00035","0","0","13.56","Humid","62.83","1","54.00","230074.98","SABD0001000008","AAV1.0.0.11","2.1.0.443","PSt7-10","170929-005","6/6/2018 9:09:52 AM","1443-01","0","no battery","V"
"07/06/2018","12:37:02","10","default","196169367","O10","0.211","min","172.353","μmol/L","Humid","19.718","deg","119774","µV","34.194","°C","1011.000","hPa","39.0","pmil","0","55.560","deg","20.000","°C","100.000","%a.s.","22.010","deg","20.000","°C","978.000","hPa","0.861","-0.02617","0.00035","0","0","13.56","Humid","62.83","1","54.00","230062.11","SABD0001000008","AAV1.0.0.11","2.1.0.443","PSt7-10","170929-005","6/6/2018 9:09:52 AM","1443-01","0","no battery","V"
"07/06/2018","12:37:03","10","default","196169367","O10","0.227","min","172.267","μmol/L","Humid","19.722","deg","119769","µV","34.197","°C","1011.000","hPa","39.0","pmil","0","55.560","deg","20.000","°C","100.000","%a.s.","22.010","deg","20.000","°C","978.000","hPa","0.861","-0.02617","0.00035","0","0","13.56","Humid","62.83","1","54.00","230073.36","SABD0001000008","AAV1.0.0.11","2.1.0.443","PSt7-10","170929-005","6/6/2018 9:09:52 AM","1443-01","0","no battery","V"
"07/06/2018","12:37:04","10","default","196169367","O10","0.245","min","172.188","μmol/L","Humid","19.722","deg","119774","µV","34.210","°C","1011.000","hPa","39.0","pmil","0","55.560","deg","20.000","°C","100.000","%a.s.","22.010","deg","20.000","°C","978.000","hPa","0.861","-0.02617","0.00035","0","0","13.56","Humid","62.83","1","54.00","230073.49","SABD0001000008","AAV1.0.0.11","2.1.0.443","PSt7-10","170929-005","6/6/2018 9:09:52 AM","1443-01","0","no battery","V"
"07/06/2018","12:37:05","10","default","196169367","O10","0.261","min","172.334","μmol/L","Humid","19.720","deg","119770","µV","34.192","°C","1011.000","hPa","39.0","pmil","0","55.560","deg","20.000","°C","100.000","%a.s.","22.010","deg","20.000","°C","978.000","hPa","0.861","-0.02617","0.00035","0","0","13.56","Humid","62.83","1","54.00","230063.34","SABD0001000008","AAV1.0.0.11","2.1.0.443","PSt7-10","170929-005","6/6/2018 9:09:52 AM","1443-01","0","no battery","V"
"07/06/2018","12:37:06","10","default","196169367","O10","0.278","min","172.238","μmol/L","Humid","19.723","deg","119775","µV","34.199","°C","1011.000","hPa","39.0","pmil","0","55.560","deg","20.000","°C","100.000","%a.s.","22.010","deg","20.000","°C","978.000","hPa","0.861","-0.02617","0.00035","0","0","13.56","Humid","62.83","1","54.00","230066.06","SABD0001000008","AAV1.0.0.11","2.1.0.443","PSt7-10","170929-005","6/6/2018 9:09:52 AM","1443-01","0","no battery","V"
"07/06/2018","12:37:07","10","default","196169367","O10","0.294","min","172.176","μmol/L","Humid","19.723","deg","119774","µV","34.209","°C","1011.000","hPa","39.0","pmil","0","55.560","deg","20.000","°C","100.000","%a.s.","22.010","deg","20.000","°C","978.000","hPa","0.861","-0.02617","0.00035","0","0","13.56","Humid","62.83","1","54.00","230066.30","SABD0001000008","AAV1.0.0.11","2.1.0.443","PSt7-10","170929-005","6/6/2018 9:09:52 AM","1443-01","0","no battery","V"
"07/06/2018","12:37:08","10","default","196169367","O10","0.311","min","172.236","μmol/L","Humid","19.719","deg","119772","µV","34.210","°C","1011.000","hPa","39.0","pmil","0","55.560","deg","20.000","°C","100.000","%a.s.","22.010","deg","20.000","°C","978.000","hPa","0.861","-0.02617","0.00035","0","0","13.56","Humid","62.83","1","54.00","230064.14","SABD0001000008","AAV1.0.0.11","2.1.0.443","PSt7-10","170929-005","6/6/2018 9:09:52 AM","1443-01","0","no battery","V"
"07/06/2018","12:37:09","10","default","196169367","O10","0.328","min","172.255","μmol/L","Humid","19.724","deg","119787","µV","34.194","°C","1011.000","hPa","39.0","pmil","0","55.560","deg","20.000","°C","100.000","%a.s.","22.010","deg","20.000","°C","978.000","hPa","0.861","-0.02617","0.00035","0","0","13.56","Humid","62.83","1","54.00","230058.96","SABD0001000008","AAV1.0.0.11","2.1.0.443","PSt7-10","170929-005","6/6/2018 9:09:52 AM","1443-01","0","no battery","V"
"07/06/2018","12:37:10","10","default","196169367","O10","0.345","min","172.317","μmol/L","Humid","19.723","deg","119776","µV","34.187","°C","1011.000","hPa","39.0","pmil","0","55.560","deg","20.000","°C","100.000","%a.s.","22.010","deg","20.000","°C","978.000","hPa","0.861","-0.02617","0.00035","0","0","13.56","Humid","62.83","1","54.00","230065.93","SABD0001000008","AAV1.0.0.11","2.1.0.443","PSt7-10","170929-005","6/6/2018 9:09:52 AM","1443-01","0","no battery","V"
"07/06/2018","12:37:11","10","default","196169367","O10","0.363","min","172.252","μmol/L","Humid","19.724","deg","119786","µV","34.195","°C","1011.000","hPa","39.0","pmil","0","55.560","deg","20.000","°C","100.000","%a.s.","22.010","deg","20.000","°C","978.000","hPa","0.861","-0.02617","0.00035","0","0","13.56","Humid","62.83","1","54.00","230072.05","SABD0001000008","AAV1.0.0.11","2.1.0.443","PSt7-10","170929-005","6/6/2018 9:09:52 AM","1443-01","0","no battery","V"
"07/06/2018","12:37:12","10","default","196169367","O10","0.378","min","172.160","μmol/L","Humid","19.724","deg","119779","µV","34.209","°C","1011.000","hPa","39.0","pmil","0","55.560","deg","20.000","°C","100.000","%a.s.","22.010","deg","20.000","°C","978.000","hPa","0.861","-0.02617","0.00035","0","0","13.56","Humid","62.83","1","54.00","230050.47","SABD0001000008","AAV1.0.0.11","2.1.0.443","PSt7-10","170929-005","6/6/2018 9:09:52 AM","1443-01","0","no battery","V"
"07/06/2018","12:37:13","10","default","196169367","O10","0.395","min","172.124","μmol/L","Humid","19.726","deg","119784","µV","34.210","°C","1011.000","hPa","39.0","pmil","0","55.560","deg","20.000","°C","100.000","%a.s.","22.010","deg","20.000","°C","978.000","hPa","0.861","-0.02617","0.00035","0","0","13.56","Humid","62.83","1","54.00","230045.53","SABD0001000008","AAV1.0.0.11","2.1.0.443","PSt7-10","170929-005","6/6/2018 9:09:52 AM","1443-01","0","no battery","V"
"07/06/2018","12:37:14","10","default","196169367","O10","0.411","min","172.146","μmol/L","Humid","19.726","deg","119783","µV","34.207","°C","1011.000","hPa","39.0","pmil","0","55.560","deg","20.000","°C","100.000","%a.s.","22.010","deg","20.000","°C","978.000","hPa","0.861","-0.02617","0.00035","0","0","13.56","Humid","62.83","1","54.00","230042.59","SABD0001000008","AAV1.0.0.11","2.1.0.443","PSt7-10","170929-005","6/6/2018 9:09:52 AM","1443-01","0","no battery","V"
"07/06/2018","12:37:15","10","default","196169367","O10","0.428","min","172.143","μmol/L","Humid","19.726","deg","119780","µV","34.207","°C","1011.000","hPa","39.0","pmil","0","55.560","deg","20.000","°C","100.000","%a.s.","22.010","deg","20.000","°C","978.000","hPa","0.861","-0.02617","0.00035","0","0","13.56","Humid","62.83","1","54.00","230053.44","SABD0001000008","AAV1.0.0.11","2.1.0.443","PSt7-10","170929-005","6/6/2018 9:09:52 AM","1443-01","0","no battery","V"
"07/06/2018","12:37:16","10","default","196169367","O10","0.444","min","172.167","μmol/L","Humid","19.727","deg","119772","µV","34.201","°C","1011.000","hPa","39.0","pmil","0","55.560","deg","20.000","°C","100.000","%a.s.","22.010","deg","20.000","°C","978.000","hPa","0.861","-0.02617","0.00035","0","0","13.56","Humid","62.83","1","54.00","230045.74","SABD0001000008","AAV1.0.0.11","2.1.0.443","PSt7-10","170929-005","6/6/2018 9:09:52 AM","1443-01","0","no battery","V"
"07/06/2018","12:37:17","10","default","196169367","O10","0.461","min","172.095","μmol/L","Humid","19.730","deg","119791","µV","34.205","°C","1011.000","hPa","39.0","pmil","0","55.560","deg","20.000","°C","100.000","%a.s.","22.010","deg","20.000","°C","978.000","hPa","0.861","-0.02617","0.00035","0","0","13.56","Humid","62.83","1","54.00","230035.27","SABD0001000008","AAV1.0.0.11","2.1.0.443","PSt7-10","170929-005","6/6/2018 9:09:52 AM","1443-01","0","no battery","V"
"07/06/2018","12:37:18","10","default","196169367","O10","0.479","min","172.117","μmol/L","Humid","19.726","deg","119787","µV","34.211","°C","1011.000","hPa","39.0","pmil","0","55.560","deg","20.000","°C","100.000","%a.s.","22.010","deg","20.000","°C","978.000","hPa","0.861","-0.02617","0.00035","0","0","13.56","Humid","62.83","1","54.00","230042.10","SABD0001000008","AAV1.0.0.11","2.1.0.443","PSt7-10","170929-005","6/6/2018 9:09:52 AM","1443-01","0","no battery","V"
"07/06/2018","12:37:19","10","default","196169367","O10","0.494","min","172.110","μmol/L","Humid","19.727","deg","119799","µV","34.210","°C","1011.000","hPa","39.0","pmil","0","55.560","deg","20.000","°C","100.000","%a.s.","22.010","deg","20.000","°C","978.000","hPa","0.861","-0.02617","0.00035","0","0","13.56","Humid","62.83","1","54.00","230038.82","SABD0001000008","AAV1.0.0.11","2.1.0.443","PSt7-10","170929-005","6/6/2018 9:09:52 AM","1443-01","0","no battery","V"
"07/06/2018","12:37:20","10","default","196169367","O10","0.511","min","172.196","μmol/L","Humid","19.727","deg","119784","µV","34.196","°C","1011.000","hPa","39.0","pmil","0","55.560","deg","20.000","°C","100.000","%a.s.","22.010","deg","20.000","°C","978.000","hPa","0.861","-0.02617","0.00035","0","0","13.56","Humid","62.83","1","54.00","230056.09","SABD0001000008","AAV1.0.0.11","2.1.0.443","PSt7-10","170929-005","6/6/2018 9:09:52 AM","1443-01","0","no battery","V"
"07/06/2018","12:37:21","10","default","196169367","O10","0.528","min","172.090","μmol/L","Humid","19.729","deg","119784","µV","34.208","°C","1011.000","hPa","39.0","pmil","0","55.560","deg","20.000","°C","100.000","%a.s.","22.010","deg","20.000","°C","978.000","hPa","0.861","-0.02617","0.00035","0","0","13.56","Humid","62.83","1","54.00","230042.29","SABD0001000008","AAV1.0.0.11","2.1.0.443","PSt7-10","170929-005","6/6/2018 9:09:52 AM","1443-01","0","no battery","V"
"07/06/2018","12:37:22","10","default","196169367","O10","0.544","min","172.060","μmol/L","Humid","19.731","deg","119791","µV","34.208","°C","1011.000","hPa","39.0","pmil","0","55.560","deg","20.000","°C","100.000","%a.s.","22.010","deg","20.000","°C","978.000","hPa","0.861","-0.02617","0.00035","0","0","13.56","Humid","62.83","1","54.00","230018.58","SABD0001000008","AAV1.0.0.11","2.1.0.443","PSt7-10","170929-005","6/6/2018 9:09:52 AM","1443-01","0","no battery","V"
"07/06/2018","12:37:23","10","default","196169367","O10","0.561","min","172.068","μmol/L","Humid","19.728","deg","119793","µV","34.214","°C","1011.000","hPa","39.0","pmil","0","55.560","deg","20.000","°C","100.000","%a.s.","22.010","deg","20.000","°C","978.000","hPa","0.861","-0.02617","0.00035","0","0","13.56","Humid","62.83","1","54.00","230030.03","SABD0001000008","AAV1.0.0.11","2.1.0.443","PSt7-10","170929-005","6/6/2018 9:09:52 AM","1443-01","0","no battery","V"
"07/06/2018","12:37:24","10","default","196169367","O10","0.578","min","172.061","μmol/L","Humid","19.734","deg","119808","µV","34.200","°C","1011.000","hPa","39.0","pmil","0","55.560","deg","20.000","°C","100.000","%a.s.","22.010","deg","20.000","°C","978.000","hPa","0.861","-0.02617","0.00035","0","0","13.56","Humid","62.83","1","54.00","230045.60","SABD0001000008","AAV1.0.0.11","2.1.0.443","PSt7-10","170929-005","6/6/2018 9:09:52 AM","1443-01","0","no battery","V"
"07/06/2018","12:37:25","10","default","196169367","O10","0.595","min","172.111","μmol/L","Humid","19.731","deg","119794","µV","34.199","°C","1011.000","hPa","39.0","pmil","0","55.560","deg","20.000","°C","100.000","%a.s.","22.010","deg","20.000","°C","978.000","hPa","0.861","-0.02617","0.00035","0","0","13.56","Humid","62.83","1","54.00","230026.72","SABD0001000008","AAV1.0.0.11","2.1.0.443","PSt7-10","170929-005","6/6/2018 9:09:52 AM","1443-01","0","no battery","V"
"07/06/2018","12:37:26","10","default","196169367","O10","0.612","min","172.076","μmol/L","Humid","19.728","deg","119805","µV","34.213","°C","1011.000","hPa","39.0","pmil","0","55.560","deg","20.000","°C","100.000","%a.s.","22.010","deg","20.000","°C","978.000","hPa","0.861","-0.02617","0.00035","0","0","13.56","Humid","62.83","1","54.00","230028.99","SABD0001000008","AAV1.0.0.11","2.1.0.443","PSt7-10","170929-005","6/6/2018 9:09:52 AM","1443-01","0","no battery","V"
"07/06/2018","12:37:27","10","default","196169367","O10","0.627","min","172.074","μmol/L","Humid","19.733","deg","119793","µV","34.200","°C","1011.000","hPa","39.0","pmil","0","55.560","deg","20.000","°C","100.000","%a.s.","22.010","deg","20.000","°C","978.000","hPa","0.861","-0.02617","0.00035","0","0","13.56","Humid","62.83","1","54.00","230019.41","SABD0001000008","AAV1.0.0.11","2.1.0.443","PSt7-10","170929-005","6/6/2018 9:09:52 AM","1443-01","0","no battery","V"
"07/06/2018","12:37:28","10","default","196169367","O10","0.645","min","172.083","μmol/L","Humid","19.731","deg","119803","µV","34.204","°C","1011.000","hPa","39.0","pmil","0","55.560","deg","20.000","°C","100.000","%a.s.","22.010","deg","20.000","°C","978.000","hPa","0.861","-0.02617","0.00035","0","0","13.56","Humid","62.83","1","54.00","230028.57","SABD0001000008","AAV1.0.0.11","2.1.0.443","PSt7-10","170929-005","6/6/2018 9:09:52 AM","1443-01","0","no battery","V"
"07/06/2018","12:37:29","10","default","196169367","O10","0.661","min","172.119","μmol/L","Humid","19.730","deg","119805","µV","34.201","°C","1011.000","hPa","39.0","pmil","0","55.560","deg","20.000","°C","100.000","%a.s.","22.010","deg","20.000","°C","978.000","hPa","0.861","-0.02617","0.00035","0","0","13.56","Humid","62.83","1","54.00","230027.51","SABD0001000008","AAV1.0.0.11","2.1.0.443","PSt7-10","170929-005","6/6/2018 9:09:52 AM","1443-01","0","no battery","V"
"07/06/2018","12:37:30","10","default","196169367","O10","0.678","min","172.027","μmol/L","Humid","19.736","deg","119796","µV","34.200","°C","1011.000","hPa","39.0","pmil","0","55.560","deg","20.000","°C","100.000","%a.s.","22.010","deg","20.000","°C","978.000","hPa","0.861","-0.02617","0.00035","0","0","13.56","Humid","62.83","1","54.00","230039.59","SABD0001000008","AAV1.0.0.11","2.1.0.443","PSt7-10","170929-005","6/6/2018 9:09:52 AM","1443-01","0","no battery","V"
"07/06/2018","12:37:31","10","default","196169367","O10","0.695","min","172.072","μmol/L","Humid","19.733","deg","119795","µV","34.201","°C","1011.000","hPa","39.0","pmil","0","55.560","deg","20.000","°C","100.000","%a.s.","22.010","deg","20.000","°C","978.000","hPa","0.861","-0.02617","0.00035","0","0","13.56","Humid","62.83","1","54.00","230023.61","SABD0001000008","AAV1.0.0.11","2.1.0.443","PSt7-10","170929-005","6/6/2018 9:09:52 AM","1443-01","0","no battery","V"
"07/06/2018","12:37:32","10","default","196169367","O10","0.711","min","171.934","μmol/L","Humid","19.736","deg","119799","µV","34.215","°C","1011.000","hPa","39.0","pmil","0","55.560","deg","20.000","°C","100.000","%a.s.","22.010","deg","20.000","°C","978.000","hPa","0.861","-0.02617","0.00035","0","0","13.56","Humid","62.83","1","54.00","230025.33","SABD0001000008","AAV1.0.0.11","2.1.0.443","PSt7-10","170929-005","6/6/2018 9:09:52 AM","1443-01","0","no battery","V"
"07/06/2018","12:37:33","10","default","196169367","O10","0.727","min","171.965","μmol/L","Humid","19.736","deg","119803","µV","34.210","°C","1011.000","hPa","39.0","pmil","0","55.560","deg","20.000","°C","100.000","%a.s.","22.010","deg","20.000","°C","978.000","hPa","0.861","-0.02617","0.00035","0","0","13.56","Humid","62.83","1","54.00","230028.34","SABD0001000008","AAV1.0.0.11","2.1.0.443","PSt7-10","170929-005","6/6/2018 9:09:52 AM","1443-01","0","no battery","V"
"07/06/2018","12:37:34","10","default","196169367","O10","0.744","min","171.913","μmol/L","Humid","19.741","deg","119808","µV","34.206","°C","1011.000","hPa","39.0","pmil","0","55.560","deg","20.000","°C","100.000","%a.s.","22.010","deg","20.000","°C","978.000","hPa","0.861","-0.02617","0.00035","0","0","13.56","Humid","62.83","1","54.00","230017.21","SABD0001000008","AAV1.0.0.11","2.1.0.443","PSt7-10","170929-005","6/6/2018 9:09:52 AM","1443-01","0","no battery","V"
"07/06/2018","12:37:35","10","default","196169367","O10","0.761","min","171.990","μmol/L","Humid","19.737","deg","119811","µV","34.204","°C","1011.000","hPa","39.0","pmil","0","55.560","deg","20.000","°C","100.000","%a.s.","22.010","deg","20.000","°C","978.000","hPa","0.861","-0.02617","0.00035","0","0","13.56","Humid","62.83","1","54.00","230012.47","SABD0001000008","AAV1.0.0.11","2.1.0.443","PSt7-10","170929-005","6/6/2018 9:09:52 AM","1443-01","0","no battery","V"
"07/06/2018","12:37:36","10","default","196169367","O10","0.777","min","172.106","μmol/L","Humid","19.733","deg","119808","µV","34.195","°C","1011.000","hPa","39.0","pmil","0","55.560","deg","20.000","°C","100.000","%a.s.","22.010","deg","20.000","°C","978.000","hPa","0.861","-0.02617","0.00035","0","0","13.56","Humid","62.83","1","54.00","230010.49","SABD0001000008","AAV1.0.0.11","2.1.0.443","PSt7-10","170929-005","6/6/2018 9:09:52 AM","1443-01","0","no battery","V"
"07/06/2018","12:37:37","10","default","196169367","O10","0.794","min","171.940","μmol/L","Humid","19.739","deg","119818","µV","34.207","°C","1011.000","hPa","39.0","pmil","0","55.560","deg","20.000","°C","100.000","%a.s.","22.010","deg","20.000","°C","978.000","hPa","0.861","-0.02617","0.00035","0","0","13.56","Humid","62.83","1","54.00","230012.86","SABD0001000008","AAV1.0.0.11","2.1.0.443","PSt7-10","170929-005","6/6/2018 9:09:52 AM","1443-01","0","no battery","V"
"07/06/2018","12:37:38","10","default","196169367","O10","0.811","min","171.982","μmol/L","Humid","19.740","deg","119807","µV","34.197","°C","1011.000","hPa","39.0","pmil","0","55.560","deg","20.000","°C","100.000","%a.s.","22.010","deg","20.000","°C","978.000","hPa","0.861","-0.02617","0.00035","0","0","13.56","Humid","62.83","1","54.00","230015.51","SABD0001000008","AAV1.0.0.11","2.1.0.443","PSt7-10","170929-005","6/6/2018 9:09:52 AM","1443-01","0","no battery","V"
"07/06/2018","12:37:39","10","default","196169367","O10","0.827","min","171.991","μmol/L","Humid","19.738","deg","119810","µV","34.201","°C","1011.000","hPa","39.0","pmil","0","55.560","deg","20.000","°C","100.000","%a.s.","22.010","deg","20.000","°C","978.000","hPa","0.861","-0.02617","0.00035","0","0","13.56","Humid","62.83","1","54.00","230008.63","SABD0001000008","AAV1.0.0.11","2.1.0.443","PSt7-10","170929-005","6/6/2018 9:09:52 AM","1443-01","0","no battery","V"
"07/06/2018","12:37:40","10","default","196169367","O10","0.845","min","172.071","μmol/L","Humid","19.734","deg","119815","µV","34.198","°C","1011.000","hPa","39.0","pmil","0","55.560","deg","20.000","°C","100.000","%a.s.","22.010","deg","20.000","°C","978.000","hPa","0.861","-0.02617","0.00035","0","0","13.56","Humid","62.83","1","54.00","230019.39","SABD0001000008","AAV1.0.0.11","2.1.0.443","PSt7-10","170929-005","6/6/2018 9:09:52 AM","1443-01","0","no battery","V"
"07/06/2018","12:37:41","10","default","196169367","O10","0.861","min","171.959","μmol/L","Humid","19.739","deg","119818","µV","34.204","°C","1011.000","hPa","39.0","pmil","0","55.560","deg","20.000","°C","100.000","%a.s.","22.010","deg","20.000","°C","978.000","hPa","0.861","-0.02617","0.00035","0","0","13.56","Humid","62.83","1","54.00","230009.71","SABD0001000008","AAV1.0.0.11","2.1.0.443","PSt7-10","170929-005","6/6/2018 9:09:52 AM","1443-01","0","no battery","V"
"07/06/2018","12:37:42","10","default","196169367","O10","0.877","min","171.865","μmol/L","Humid","19.741","deg","119824","µV","34.214","°C","1011.000","hPa","39.0","pmil","0","55.560","deg","20.000","°C","100.000","%a.s.","22.010","deg","20.000","°C","978.000","hPa","0.861","-0.02617","0.00035","0","0","13.56","Humid","62.83","1","54.00","230003.99","SABD0001000008","AAV1.0.0.11","2.1.0.443","PSt7-10","170929-005","6/6/2018 9:09:52 AM","1443-01","0","no battery","V"
"07/06/2018","12:37:43","10","default","196169367","O10","0.894","min","171.904","μmol/L","Humid","19.740","deg","119814","µV","34.210","°C","1011.000","hPa","39.0","pmil","0","55.560","deg","20.000","°C","100.000","%a.s.","22.010","deg","20.000","°C","978.000","hPa","0.861","-0.02617","0.00035","0","0","13.56","Humid","62.83","1","54.00","229999.31","SABD0001000008","AAV1.0.0.11","2.1.0.443","PSt7-10","170929-005","6/6/2018 9:09:52 AM","1443-01","0","no battery","V"
"07/06/2018","12:37:44","10","default","196169367","O10","0.911","min","171.993","μmol/L","Humid","19.739","deg","119818","µV","34.198","°C","1011.000","hPa","39.0","pmil","0","55.560","deg","20.000","°C","100.000","%a.s.","22.010","deg","20.000","°C","978.000","hPa","0.861","-0.02617","0.00035","0","0","13.56","Humid","62.83","1","54.00","230004.75","SABD0001000008","AAV1.0.0.11","2.1.0.443","PSt7-10","170929-005","6/6/2018 9:09:52 AM","1443-01","0","no battery","V"
"07/06/2018","12:37:45","10","default","196169367","O10","0.927","min","171.874","μmol/L","Humid","19.743","deg","119823","µV","34.207","°C","1011.000","hPa","39.0","pmil","0","55.560","deg","20.000","°C","100.000","%a.s.","22.010","deg","20.000","°C","978.000","hPa","0.861","-0.02617","0.00035","0","0","13.56","Humid","62.83","1","54.00","229998.34","SABD0001000008","AAV1.0.0.11","2.1.0.443","PSt7-10","170929-005","6/6/2018 9:09:52 AM","1443-01","0","no battery","V"
"07/06/2018","12:37:46","10","default","196169367","O10","0.945","min","171.945","μmol/L","Humid","19.741","deg","119832","µV","34.201","°C","1011.000","hPa","39.0","pmil","0","55.560","deg","20.000","°C","100.000","%a.s.","22.010","deg","20.000","°C","978.000","hPa","0.861","-0.02617","0.00035","0","0","13.56","Humid","62.83","1","54.00","229997.86","SABD0001000008","AAV1.0.0.11","2.1.0.443","PSt7-10","170929-005","6/6/2018 9:09:52 AM","1443-01","0","no battery","V"
"07/06/2018","12:37:47","10","default","196169367","O10","0.961","min","171.976","μmol/L","Humid","19.741","deg","119821","µV","34.196","°C","1011.000","hPa","39.0","pmil","0","55.560","deg","20.000","°C","100.000","%a.s.","22.010","deg","20.000","°C","978.000","hPa","0.861","-0.02617","0.00035","0","0","13.56","Humid","62.83","1","54.00","229996.55","SABD0001000008","AAV1.0.0.11","2.1.0.443","PSt7-10","170929-005","6/6/2018 9:09:52 AM","1443-01","0","no battery","V"
"07/06/2018","12:37:48","10","default","196169367","O10","0.977","min","171.986","μmol/L","Humid","19.743","deg","119823","µV","34.189","°C","1011.000","hPa","39.0","pmil","0","55.560","deg","20.000","°C","100.000","%a.s.","22.010","deg","20.000","°C","978.000","hPa","0.861","-0.02617","0.00035","0","0","13.56","Humid","62.83","1","54.00","229987.50","SABD0001000008","AAV1.0.0.11","2.1.0.443","PSt7-10","170929-005","6/6/2018 9:09:52 AM","1443-01","0","no battery","V"
"07/06/2018","12:37:49","10","default","196169367","O10","0.995","min","171.913","μmol/L","Humid","19.745","deg","119832","µV","34.196","°C","1011.000","hPa","39.0","pmil","0","55.560","deg","20.000","°C","100.000","%a.s.","22.010","deg","20.000","°C","978.000","hPa","0.861","-0.02617","0.00035","0","0","13.56","Humid","62.83","1","54.00","229988.60","SABD0001000008","AAV1.0.0.11","2.1.0.443","PSt7-10","170929-005","6/6/2018 9:09:52 AM","1443-01","0","no battery","V"
"07/06/2018","12:37:50","10","default","196169367","O10","1.011","min","171.765","μmol/L","Humid","19.745","deg","119845","µV","34.220","°C","1011.000","hPa","39.0","pmil","0","55.560","deg","20.000","°C","100.000","%a.s.","22.010","deg","20.000","°C","978.000","hPa","0.861","-0.02617","0.00035","0","0","13.56","Humid","62.83","1","54.00","229995.29","SABD0001000008","AAV1.0.0.11","2.1.0.443","PSt7-10","170929-005","6/6/2018 9:09:52 AM","1443-01","0","no battery","V"
"07/06/2018","12:37:51","10","default","196169367","O10","1.028","min","171.758","μmol/L","Humid","19.745","deg","119838","µV","34.221","°C","1011.000","hPa","39.0","pmil","0","55.560","deg","20.000","°C","100.000","%a.s.","22.010","deg","20.000","°C","978.000","hPa","0.861","-0.02617","0.00035","0","0","13.56","Humid","62.83","1","54.00","229992.86","SABD0001000008","AAV1.0.0.11","2.1.0.443","PSt7-10","170929-005","6/6/2018 9:09:52 AM","1443-01","0","no battery","V"
"07/06/2018","12:37:52","10","default","196169367","O10","1.044","min","171.796","μmol/L","Humid","19.746","deg","119832","µV","34.212","°C","1011.000","hPa","39.0","pmil","0","55.560","deg","20.000","°C","100.000","%a.s.","22.010","deg","20.000","°C","978.000","hPa","0.861","-0.02617","0.00035","0","0","13.56","Humid","62.83","1","54.00","229988.46","SABD0001000008","AAV1.0.0.11","2.1.0.443","PSt7-10","170929-005","6/6/2018 9:09:52 AM","1443-01","0","no battery","V"
"07/06/2018","12:37:53","10","default","196169367","O10","1.061","min","171.797","μmol/L","Humid","19.746","deg","119840","µV","34.212","°C","1011.000","hPa","39.0","pmil","0","55.560","deg","20.000","°C","100.000","%a.s.","22.010","deg","20.000","°C","978.000","hPa","0.861","-0.02617","0.00035","0","0","13.56","Humid","62.83","1","54.00","229993.09","SABD0001000008","AAV1.0.0.11","2.1.0.443","PSt7-10","170929-005","6/6/2018 9:09:52 AM","1443-01","0","no battery","V"
"07/06/2018","12:37:54","10","default","196169367","O10","1.078","min","171.718","μmol/L","Humid","19.748","deg","119836","µV","34.220","°C","1011.000","hPa","39.0","pmil","0","55.560","deg","20.000","°C","100.000","%a.s.","22.010","deg","20.000","°C","978.000","hPa","0.861","-0.02617","0.00035","0","0","13.56","Humid","62.83","1","54.00","229988.84","SABD0001000008","AAV1.0.0.11","2.1.0.443","PSt7-10","170929-005","6/6/2018 9:09:52 AM","1443-01","0","no battery","V"
"07/06/2018","12:37:55","10","default","196169367","O10","1.094","min","171.910","μmol/L","Humid","19.745","deg","119836","µV","34.196","°C","1011.000","hPa","39.0","pmil","0","55.560","deg","20.000","°C","100.000","%a.s.","22.010","deg","20.000","°C","978.000","hPa","0.861","-0.02617","0.00035","0","0","13.56","Humid","62.83","1","54.00","229987.25","SABD0001000008","AAV1.0.0.11","2.1.0.443","PSt7-10","170929-005","6/6/2018 9:09:52 AM","1443-01","0","no battery","V"
"07/06/2018","12:37:56","10","default","196169367","O10","1.111","min","171.798","μmol/L","Humid","19.746","deg","119844","µV","34.212","°C","1011.000","hPa","39.0","pmil","0","55.560","deg","20.000","°C","100.000","%a.s.","22.010","deg","20.000","°C","978.000","hPa","0.861","-0.02617","0.00035","0","0","13.56","Humid","62.83","1","54.00","229990.83","SABD0001000008","AAV1.0.0.11","2.1.0.443","PSt7-10","170929-005","6/6/2018 9:09:52 AM","1443-01","0","no battery","V"
"07/06/2018","12:37:57","10","default","196169367","O10","1.127","min","171.786","μmol/L","Humid","19.749","deg","119847","µV","34.206","°C","1011.000","hPa","39.0","pmil","0","55.560","deg","20.000","°C","100.000","%a.s.","22.010","deg","20.000","°C","978.000","hPa","0.861","-0.02617","0.00035","0","0","13.56","Humid","62.83","1","54.00","229984.17","SABD0001000008","AAV1.0.0.11","2.1.0.443","PSt7-10","170929-005","6/6/2018 9:09:52 AM","1443-01","0","no battery","V"
"07/06/2018","12:37:58","10","default","196169367","O10","1.144","min","171.851","μmol/L","Humid","19.746","deg","119848","µV","34.203","°C","1011.000","hPa","39.0","pmil","0","55.560","deg","20.000","°C","100.000","%a.s.","22.010","deg","20.000","°C","978.000","hPa","0.861","-0.02617","0.00035","0","0","13.56","Humid","62.83","1","54.00","229989.28","SABD0001000008","AAV1.0.0.11","2.1.0.443","PSt7-10","170929-005","6/6/2018 9:09:52 AM","1443-01","0","no battery","V"
"07/06/2018","12:37:59","10","default","196169367","O10","1.162","min","171.853","μmol/L","Humid","19.749","deg","119853","µV","34.195","°C","1011.000","hPa","39.0","pmil","0","55.560","deg","20.000","°C","100.000","%a.s.","22.010","deg","20.000","°C","978.000","hPa","0.861","-0.02617","0.00035","0","0","13.56","Humid","62.83","1","54.00","229993.04","SABD0001000008","AAV1.0.0.11","2.1.0.443","PSt7-10","170929-005","6/6/2018 9:09:52 AM","1443-01","0","no battery","V"
"07/06/2018","12:38:00","10","default","196169367","O10","1.178","min","171.820","μmol/L","Humid","19.747","deg","119855","µV","34.206","°C","1011.000","hPa","39.0","pmil","0","55.560","deg","20.000","°C","100.000","%a.s.","22.010","deg","20.000","°C","978.000","hPa","0.861","-0.02617","0.00035","0","0","13.56","Humid","62.83","1","54.00","229985.40","SABD0001000008","AAV1.0.0.11","2.1.0.443","PSt7-10","170929-005","6/6/2018 9:09:52 AM","1443-01","0","no battery","V"
"07/06/2018","12:38:01","10","default","196169367","O10","1.194","min","171.873","μmol/L","Humid","19.749","deg","119846","µV","34.192","°C","1011.000","hPa","39.0","pmil","0","55.560","deg","20.000","°C","100.000","%a.s.","22.010","deg","20.000","°C","978.000","hPa","0.861","-0.02617","0.00035","0","0","13.56","Humid","62.83","1","54.00","229984.73","SABD0001000008","AAV1.0.0.11","2.1.0.443","PSt7-10","170929-005","6/6/2018 9:09:52 AM","1443-01","0","no battery","V"
"07/06/2018","12:38:02","10","default","196169367","O10","1.212","min","171.685","μmol/L","Humid","19.754","deg","119855","µV","34.210","°C","1011.000","hPa","39.0","pmil","0","55.560","deg","20.000","°C","100.000","%a.s.","22.010","deg","20.000","°C","978.000","hPa","0.861","-0.02617","0.00035","0","0","13.56","Humid","62.83","1","54.00","229991.42","SABD0001000008","AAV1.0.0.11","2.1.0.443","PSt7-10","170929-005","6/6/2018 9:09:52 AM","1443-01","0","no battery","V"
"07/06/2018","12:38:03","10","default","196169367","O10","1.227","min","171.777","μmol/L","Humid","19.749","deg","119852","µV","34.207","°C","1011.000","hPa","39.0","pmil","0","55.560","deg","20.000","°C","100.000","%a.s.","22.010","deg","20.000","°C","978.000","hPa","0.861","-0.02617","0.00035","0","0","13.56","Humid","62.83","1","54.00","229978.20","SABD0001000008","AAV1.0.0.11","2.1.0.443","PSt7-10","170929-005","6/6/2018 9:09:52 AM","1443-01","0","no battery","V"
"07/06/2018","12:38:04","10","default","196169367","O10","1.244","min","171.730","μmol/L","Humid","19.752","deg","119847","µV","34.207","°C","1011.000","hPa","39.0","pmil","0","55.560","deg","20.000","°C","100.000","%a.s.","22.010","deg","20.000","°C","978.000","hPa","0.861","-0.02617","0.00035","0","0","13.56","Humid","62.83","1","54.00","229982.80","SABD0001000008","AAV1.0.0.11","2.1.0.443","PSt7-10","170929-005","6/6/2018 9:09:52 AM","1443-01","0","no battery","V"
"07/06/2018","12:38:05","10","default","196169367","O10","1.261","min","171.728","μmol/L","Humid","19.750","deg","119861","µV","34.213","°C","1011.000","hPa","39.0","pmil","0","55.560","deg","20.000","°C","100.000","%a.s.","22.010","deg","20.000","°C","978.000","hPa","0.861","-0.02617","0.00035","0","0","13.56","Humid","62.83","1","54.00","229971.27","SABD0001000008","AAV1.0.0.11","2.1.0.443","PSt7-10","170929-005","6/6/2018 9:09:52 AM","1443-01","0","no battery","V"
"07/06/2018","12:38:06","10","default","196169367","O10","1.278","min","171.772","μmol/L","Humid","19.755","deg","119864","µV","34.193","°C","1011.000","hPa","39.0","pmil","0","55.560","deg","20.000","°C","100.000","%a.s.","22.010","deg","20.000","°C","978.000","hPa","0.861","-0.02617","0.00035","0","0","13.56","Humid","62.83","1","54.00","229977.39","SABD0001000008","AAV1.0.0.11","2.1.0.443","PSt7-10","170929-005","6/6/2018 9:09:52 AM","1443-01","0","no battery","V"
"07/06/2018","12:38:07","10","default","196169367","O10","1.294","min","171.759","μmol/L","Humid","19.752","deg","119860","µV","34.203","°C","1011.000","hPa","39.0","pmil","0","55.560","deg","20.000","°C","100.000","%a.s.","22.010","deg","20.000","°C","978.000","hPa","0.861","-0.02617","0.00035","0","0","13.56","Humid","62.83","1","54.00","229982.00","SABD0001000008","AAV1.0.0.11","2.1.0.443","PSt7-10","170929-005","6/6/2018 9:09:52 AM","1443-01","0","no battery","V"
"07/06/2018","12:38:08","10","default","196169367","O10","1.311","min","171.769","μmol/L","Humid","19.757","deg","119871","µV","34.188","°C","1011.000","hPa","39.0","pmil","0","55.560","deg","20.000","°C","100.000","%a.s.","22.010","deg","20.000","°C","978.000","hPa","0.861","-0.02617","0.00035","0","0","13.56","Humid","62.83","1","54.00","229979.20","SABD0001000008","AAV1.0.0.11","2.1.0.443","PSt7-10","170929-005","6/6/2018 9:09:52 AM","1443-01","0","no battery","V"
"07/06/2018","12:38:09","10","default","196169367","O10","1.327","min","171.742","μmol/L","Humid","19.759","deg","119859","µV","34.187","°C","1011.000","hPa","39.0","pmil","0","55.560","deg","20.000","°C","100.000","%a.s.","22.010","deg","20.000","°C","978.000","hPa","0.861","-0.02617","0.00035","0","0","13.56","Humid","62.83","1","54.00","229963.46","SABD0001000008","AAV1.0.0.11","2.1.0.443","PSt7-10","170929-005","6/6/2018 9:09:52 AM","1443-01","0","no battery","V"
"07/06/2018","12:38:10","10","default","196169367","O10","1.344","min","171.575","μmol/L","Humid","19.757","deg","119874","µV","34.220","°C","1011.000","hPa","39.0","pmil","0","55.560","deg","20.000","°C","100.000","%a.s.","22.010","deg","20.000","°C","978.000","hPa","0.861","-0.02617","0.00035","0","0","13.56","Humid","62.83","1","54.00","229967.73","SABD0001000008","AAV1.0.0.11","2.1.0.443","PSt7-10","170929-005","6/6/2018 9:09:52 AM","1443-01","0","no battery","V"
"07/06/2018","12:38:11","10","default","196169367","O10","1.361","min","171.643","μmol/L","Humid","19.756","deg","119878","µV","34.211","°C","1011.000","hPa","39.0","pmil","0","55.560","deg","20.000","°C","100.000","%a.s.","22.010","deg","20.000","°C","978.000","hPa","0.861","-0.02617","0.00035","0","0","13.56","Humid","62.83","1","54.00","229959.56","SABD0001000008","AAV1.0.0.11","2.1.0.443","PSt7-10","170929-005","6/6/2018 9:09:52 AM","1443-01","0","no battery","V"
"07/06/2018","12:38:12","10","default","196169367","O10","1.378","min","171.664","μmol/L","Humid","19.754","deg","119872","µV","34.213","°C","1011.000","hPa","39.0","pmil","0","55.560","deg","20.000","°C","100.000","%a.s.","22.010","deg","20.000","°C","978.000","hPa","0.861","-0.02617","0.00035","0","0","13.56","Humid","62.83","1","54.00","229977.47","SABD0001000008","AAV1.0.0.11","2.1.0.443","PSt7-10","170929-005","6/6/2018 9:09:52 AM","1443-01","0","no battery","V"
"07/06/2018","12:38:13","10","default","196169367","O10","1.394","min","171.810","μmol/L","Humid","19.750","deg","119871","µV","34.200","°C","1011.000","hPa","39.0","pmil","0","55.560","deg","20.000","°C","100.000","%a.s.","22.010","deg","20.000","°C","978.000","hPa","0.861","-0.02617","0.00035","0","0","13.56","Humid","62.83","1","54.00","229963.69","SABD0001000008","AAV1.0.0.11","2.1.0.443","PSt7-10","170929-005","6/6/2018 9:09:52 AM","1443-01","0","no battery","V"
"07/06/2018","12:38:14","10","default","196169367","O10","1.411","min","171.674","μmol/L","Humid","19.758","deg","119875","µV","34.201","°C","1011.000","hPa","39.0","pmil","0","55.560","deg","20.000","°C","100.000","%a.s.","22.010","deg","20.000","°C","978.000","hPa","0.861","-0.02617","0.00035","0","0","13.56","Humid","62.83","1","54.00","229959.71","SABD0001000008","AAV1.0.0.11","2.1.0.443","PSt7-10","170929-005","6/6/2018 9:09:52 AM","1443-01","0","no battery","V"
"07/06/2018","12:38:15","10","default","196169367","O10","1.428","min","171.661","μmol/L","Humid","19.758","deg","119875","µV","34.203","°C","1011.000","hPa","39.0","pmil","0","55.560","deg","20.000","°C","100.000","%a.s.","22.010","deg","20.000","°C","978.000","hPa","0.861","-0.02617","0.00035","0","0","13.56","Humid","62.83","1","54.00","229952.20","SABD0001000008","AAV1.0.0.11","2.1.0.443","PSt7-10","170929-005","6/6/2018 9:09:52 AM","1443-01","0","no battery","V"
"07/06/2018","12:38:16","10","default","196169367","O10","1.445","min","171.643","μmol/L","Humid","19.758","deg","119879","µV","34.206","°C","1011.000","hPa","39.0","pmil","0","55.560","deg","20.000","°C","100.000","%a.s.","22.010","deg","20.000","°C","978.000","hPa","0.861","-0.02617","0.00035","0","0","13.56","Humid","62.83","1","54.00","229964.07","SABD0001000008","AAV1.0.0.11","2.1.0.443","PSt7-10","170929-005","6/6/2018 9:09:52 AM","1443-01","0","no battery","V"
"07/06/2018","12:38:17","10","default","196169367","O10","1.461","min","171.663","μmol/L","Humid","19.759","deg","119881","µV","34.200","°C","1011.000","hPa","39.0","pmil","0","55.560","deg","20.000","°C","100.000","%a.s.","22.010","deg","20.000","°C","978.000","hPa","0.861","-0.02617","0.00035","0","0","13.56","Humid","62.83","1","54.00","229949.95","SABD0001000008","AAV1.0.0.11","2.1.0.443","PSt7-10","170929-005","6/6/2018 9:09:52 AM","1443-01","0","no battery","V"
"07/06/2018","12:38:18","10","default","196169367","O10","1.478","min","171.675","μmol/L","Humid","19.758","deg","119884","µV","34.201","°C","1011.000","hPa","39.0","pmil","0","55.560","deg","20.000","°C","100.000","%a.s.","22.010","deg","20.000","°C","978.000","hPa","0.861","-0.02617","0.00035","0","0","13.56","Humid","62.83","1","54.00","229954.83","SABD0001000008","AAV1.0.0.11","2.1.0.443","PSt7-10","170929-005","6/6/2018 9:09:52 AM","1443-01","0","no battery","V"
"07/06/2018","12:38:19","10","default","196169367","O10","1.494","min","171.631","μmol/L","Humid","19.761","deg","119885","µV","34.200","°C","1011.000","hPa","39.0","pmil","0","55.560","deg","20.000","°C","100.000","%a.s.","22.010","deg","20.000","°C","978.000","hPa","0.861","-0.02617","0.00035","0","0","13.56","Humid","62.83","1","54.00","229957.12","SABD0001000008","AAV1.0.0.11","2.1.0.443","PSt7-10","170929-005","6/6/2018 9:09:52 AM","1443-01","0","no battery","V"
"07/06/2018","12:38:20","10","default","196169367","O10","1.511","min","171.555","μmol/L","Humid","19.764","deg","119888","µV","34.205","°C","1011.000","hPa","39.0","pmil","0","55.560","deg","20.000","°C","100.000","%a.s.","22.010","deg","20.000","°C","978.000","hPa","0.861","-0.02617","0.00035","0","0","13.56","Humid","62.83","1","54.00","229947.25","SABD0001000008","AAV1.0.0.11","2.1.0.443","PSt7-10","170929-005","6/6/2018 9:09:52 AM","1443-01","0","no battery","V"
"07/06/2018","12:38:21","10","default","196169367","O10","1.527","min","171.543","μmol/L","Humid","19.763","deg","119902","µV","34.209","°C","1011.000","hPa","39.0","pmil","0","55.560","deg","20.000","°C","100.000","%a.s.","22.010","deg","20.000","°C","978.000","hPa","0.861","-0.02617","0.00035","0","0","13.56","Humid","62.83","1","54.00","229946.53","SABD0001000008","AAV1.0.0.11","2.1.0.443","PSt7-10","170929-005","6/6/2018 9:09:52 AM","1443-01","0","no battery","V"
"07/06/2018","12:38:22","10","default","196169367","O10","1.545","min","171.563","μmol/L","Humid","19.763","deg","119907","µV","34.206","°C","1011.000","hPa","39.0","pmil","0","55.560","deg","20.000","°C","100.000","%a.s.","22.010","deg","20.000","°C","978.000","hPa","0.861","-0.02617","0.00035","0","0","13.56","Humid","62.83","1","54.00","229954.49","SABD0001000008","AAV1.0.0.11","2.1.0.443","PSt7-10","170929-005","6/6/2018 9:09:52 AM","1443-01","0","no battery","V"
"07/06/2018","12:38:23","10","default","196169367","O10","1.561","min","171.667","μmol/L","Humid","19.762","deg","119895","µV","34.192","°C","1011.000","hPa","39.0","pmil","0","55.560","deg","20.000","°C","100.000","%a.s.","22.010","deg","20.000","°C","978.000","hPa","0.861","-0.02617","0.00035","0","0","13.56","Humid","62.83","1","54.00","229951.90","SABD0001000008","AAV1.0.0.11","2.1.0.443","PSt7-10","170929-005","6/6/2018 9:09:52 AM","1443-01","0","no battery","V"
"07/06/2018","12:38:24","10","default","196169367","O10","1.578","min","171.516","μmol/L","Humid","19.763","deg","119904","µV","34.214","°C","1011.000","hPa","39.0","pmil","0","55.560","deg","20.000","°C","100.000","%a.s.","22.010","deg","20.000","°C","978.000","hPa","0.861","-0.02617","0.00035","0","0","13.56","Humid","62.83","1","54.00","229955.20","SABD0001000008","AAV1.0.0.11","2.1.0.443","PSt7-10","170929-005","6/6/2018 9:09:52 AM","1443-01","0","no battery","V"
"07/06/2018","12:38:25","10","default","196169367","O10","1.594","min","171.530","μmol/L","Humid","19.764","deg","119895","µV","34.209","°C","1011.000","hPa","39.0","pmil","0","55.560","deg","20.000","°C","100.000","%a.s.","22.010","deg","20.000","°C","978.000","hPa","0.861","-0.02617","0.00035","0","0","13.56","Humid","62.83","1","54.00","229949.31","SABD0001000008","AAV1.0.0.11","2.1.0.443","PSt7-10","170929-005","6/6/2018 9:09:52 AM","1443-01","0","no battery","V"
"07/06/2018","12:38:26","10","default","196169367","O10","1.611","min","171.513","μmol/L","Humid","19.766","deg","119902","µV","34.207","°C","1011.000","hPa","39.0","pmil","0","55.560","deg","20.000","°C","100.000","%a.s.","22.010","deg","20.000","°C","978.000","hPa","0.861","-0.02617","0.00035","0","0","13.56","Humid","62.83","1","54.00","229958.31","SABD0001000008","AAV1.0.0.11","2.1.0.443","PSt7-10","170929-005","6/6/2018 9:09:52 AM","1443-01","0","no battery","V"
"07/06/2018","12:38:27","10","default","196169367","O10","1.628","min","171.545","μmol/L","Humid","19.766","deg","119906","µV","34.201","°C","1011.000","hPa","39.0","pmil","0","55.560","deg","20.000","°C","100.000","%a.s.","22.010","deg","20.000","°C","978.000","hPa","0.861","-0.02617","0.00035","0","0","13.56","Humid","62.83","1","54.00","229951.40","SABD0001000008","AAV1.0.0.11","2.1.0.443","PSt7-10","170929-005","6/6/2018 9:09:52 AM","1443-01","0","no battery","V"
"07/06/2018","12:38:28","10","default","196169367","O10","1.645","min","171.600","μmol/L","Humid","19.761","deg","119906","µV","34.205","°C","1011.000","hPa","39.0","pmil","0","55.560","deg","20.000","°C","100.000","%a.s.","22.010","deg","20.000","°C","978.000","hPa","0.861","-0.02617","0.00035","0","0","13.56","Humid","62.83","1","54.00","229943.52","SABD0001000008","AAV1.0.0.11","2.1.0.443","PSt7-10","170929-005","6/6/2018 9:09:52 AM","1443-01","0","no battery","V"
"07/06/2018","12:38:29","10","default","196169367","O10","1.661","min","171.522","μmol/L","Humid","19.765","deg","119913","µV","34.208","°C","1011.000","hPa","39.0","pmil","0","55.560","deg","20.000","°C","100.000","%a.s.","22.010","deg","20.000","°C","978.000","hPa","0.861","-0.02617","0.00035","0","0","13.56","Humid","62.83","1","54.00","229952.81","SABD0001000008","AAV1.0.0.11","2.1.0.443","PSt7-10","170929-005","6/6/2018 9:09:52 AM","1443-01","0","no battery","V"
"07/06/2018","12:38:30","10","default","196169367","O10","1.678","min","171.457","μmol/L","Humid","19.765","deg","119915","µV","34.218","°C","1011.000","hPa","39.0","pmil","0","55.560","deg","20.000","°C","100.000","%a.s.","22.010","deg","20.000","°C","978.000","hPa","0.861","-0.02617","0.00035","0","0","13.56","Humid","62.83","1","54.00","229955.09","SABD0001000008","AAV1.0.0.11","2.1.0.443","PSt7-10","170929-005","6/6/2018 9:09:52 AM","1443-01","0","no battery","V"
"07/06/2018","12:38:31","10","default","196169367","O10","1.694","min","171.427","μmol/L","Humid","19.767","deg","119924","µV","34.218","°C","1011.000","hPa","39.0","pmil","0","55.560","deg","20.000","°C","100.000","%a.s.","22.010","deg","20.000","°C","978.000","hPa","0.861","-0.02617","0.00035","0","0","13.56","Humid","62.83","1","54.00","229950.38","SABD0001000008","AAV1.0.0.11","2.1.0.443","PSt7-10","170929-005","6/6/2018 9:09:52 AM","1443-01","0","no battery","V"
"07/06/2018","12:38:32","10","default","196169367","O10","1.711","min","171.393","μmol/L","Humid","19.770","deg","119927","µV","34.216","°C","1011.000","hPa","39.0","pmil","0","55.560","deg","20.000","°C","100.000","%a.s.","22.010","deg","20.000","°C","978.000","hPa","0.861","-0.02617","0.00035","0","0","13.56","Humid","62.83","1","54.00","229951.31","SABD0001000008","AAV1.0.0.11","2.1.0.443","PSt7-10","170929-005","6/6/2018 9:09:52 AM","1443-01","0","no battery","V"
"07/06/2018","12:38:33","10","default","196169367","O10","1.727","min","171.430","μmol/L","Humid","19.768","deg","119927","µV","34.215","°C","1011.000","hPa","39.0","pmil","0","55.560","deg","20.000","°C","100.000","%a.s.","22.010","deg","20.000","°C","978.000","hPa","0.861","-0.02617","0.00035","0","0","13.56","Humid","62.83","1","54.00","229951.68","SABD0001000008","AAV1.0.0.11","2.1.0.443","PSt7-10","170929-005","6/6/2018 9:09:52 AM","1443-01","0","no battery","V"
"07/06/2018","12:38:34","10","default","196169367","O10","1.745","min","171.450","μmol/L","Humid","19.768","deg","119929","µV","34.212","°C","1011.000","hPa","39.0","pmil","0","55.560","deg","20.000","°C","100.000","%a.s.","22.010","deg","20.000","°C","978.000","hPa","0.861","-0.02617","0.00035","0","0","13.56","Humid","62.83","1","54.00","229949.86","SABD0001000008","AAV1.0.0.11","2.1.0.443","PSt7-10","170929-005","6/6/2018 9:09:52 AM","1443-01","0","no battery","V"
"07/06/2018","12:38:35","10","default","196169367","O10","1.761","min","171.526","μmol/L","Humid","19.769","deg","119931","µV","34.197","°C","1011.000","hPa","39.0","pmil","0","55.560","deg","20.000","°C","100.000","%a.s.","22.010","deg","20.000","°C","978.000","hPa","0.861","-0.02617","0.00035","0","0","13.56","Humid","62.83","1","54.00","229946.87","SABD0001000008","AAV1.0.0.11","2.1.0.443","PSt7-10","170929-005","6/6/2018 9:09:52 AM","1443-01","0","no battery","V"
"07/06/2018","12:38:36","10","default","196169367","O10","1.778","min","171.513","μmol/L","Humid","19.766","deg","119933","µV","34.207","°C","1011.000","hPa","39.0","pmil","0","55.560","deg","20.000","°C","100.000","%a.s.","22.010","deg","20.000","°C","978.000","hPa","0.861","-0.02617","0.00035","0","0","13.56","Humid","62.83","1","54.00","229947.51","SABD0001000008","AAV1.0.0.11","2.1.0.443","PSt7-10","170929-005","6/6/2018 9:09:52 AM","1443-01","0","no battery","V"
"07/06/2018","12:38:37","10","default","196169367","O10","1.794","min","171.379","μmol/L","Humid","19.775","deg","119940","µV","34.206","°C","1011.000","hPa","39.0","pmil","0","55.560","deg","20.000","°C","100.000","%a.s.","22.010","deg","20.000","°C","978.000","hPa","0.861","-0.02617","0.00035","0","0","13.56","Humid","62.83","1","54.00","229948.05","SABD0001000008","AAV1.0.0.11","2.1.0.443","PSt7-10","170929-005","6/6/2018 9:09:52 AM","1443-01","0","no battery","V"
"07/06/2018","12:38:38","10","default","196169367","O10","1.811","min","171.433","μmol/L","Humid","19.772","deg","119943","µV","34.204","°C","1011.000","hPa","39.0","pmil","0","55.560","deg","20.000","°C","100.000","%a.s.","22.010","deg","20.000","°C","978.000","hPa","0.861","-0.02617","0.00035","0","0","13.56","Humid","62.83","1","54.00","229942.96","SABD0001000008","AAV1.0.0.11","2.1.0.443","PSt7-10","170929-005","6/6/2018 9:09:52 AM","1443-01","0","no battery","V"
"07/06/2018","12:38:39","10","default","196169367","O10","1.827","min","171.332","μmol/L","Humid","19.771","deg","119942","µV","34.223","°C","1011.000","hPa","39.0","pmil","0","55.560","deg","20.000","°C","100.000","%a.s.","22.010","deg","20.000","°C","978.000","hPa","0.861","-0.02617","0.00035","0","0","13.56","Humid","62.83","1","54.00","229924.94","SABD0001000008","AAV1.0.0.11","2.1.0.443","PSt7-10","170929-005","6/6/2018 9:09:52 AM","1443-01","0","no battery","V"
"07/06/2018","12:38:40","10","default","196169367","O10","1.844","min","171.403","μmol/L","Humid","19.769","deg","119946","µV","34.217","°C","1011.000","hPa","39.0","pmil","0","55.560","deg","20.000","°C","100.000","%a.s.","22.010","deg","20.000","°C","978.000","hPa","0.861","-0.02617","0.00035","0","0","13.56","Humid","62.83","1","54.00","229931.13","SABD0001000008","AAV1.0.0.11","2.1.0.443","PSt7-10","170929-005","6/6/2018 9:09:52 AM","1443-01","0","no battery","V"
"07/06/2018","12:38:41","10","default","196169367","O10","1.861","min","171.380","μmol/L","Humid","19.773","deg","119957","µV","34.211","°C","1011.000","hPa","39.0","pmil","0","55.560","deg","20.000","°C","100.000","%a.s.","22.010","deg","20.000","°C","978.000","hPa","0.861","-0.02617","0.00035","0","0","13.56","Humid","62.83","1","54.00","229941.67","SABD0001000008","AAV1.0.0.11","2.1.0.443","PSt7-10","170929-005","6/6/2018 9:09:52 AM","1443-01","0","no battery","V"
"07/06/2018","12:38:42","10","default","196169367","O10","1.878","min","171.376","μmol/L","Humid","19.774","deg","119966","µV","34.209","°C","1011.000","hPa","39.0","pmil","0","55.560","deg","20.000","°C","100.000","%a.s.","22.010","deg","20.000","°C","978.000","hPa","0.861","-0.02617","0.00035","0","0","13.56","Humid","62.83","1","54.00","229948.36","SABD0001000008","AAV1.0.0.11","2.1.0.443","PSt7-10","170929-005","6/6/2018 9:09:52 AM","1443-01","0","no battery","V"
"07/06/2018","12:38:43","10","default","196169367","O10","1.895","min","171.336","μmol/L","Humid","19.774","deg","119963","µV","34.215","°C","1011.000","hPa","39.0","pmil","0","55.560","deg","20.000","°C","100.000","%a.s.","22.010","deg","20.000","°C","978.000","hPa","0.861","-0.02617","0.00035","0","0","13.56","Humid","62.83","1","54.00","229936.58","SABD0001000008","AAV1.0.0.11","2.1.0.443","PSt7-10","170929-005","6/6/2018 9:09:52 AM","1443-01","0","no battery","V"
"07/06/2018","12:38:44","10","default","196169367","O10","1.911","min","171.501","μmol/L","Humid","19.774","deg","119967","µV","34.188","°C","1011.000","hPa","39.0","pmil","0","55.560","deg","20.000","°C","100.000","%a.s.","22.010","deg","20.000","°C","978.000","hPa","0.861","-0.02617","0.00035","0","0","13.56","Humid","62.83","1","54.00","229937.13","SABD0001000008","AAV1.0.0.11","2.1.0.443","PSt7-10","170929-005","6/6/2018 9:09:52 AM","1443-01","0","no battery","V"
"07/06/2018","12:38:45","10","default","196169367","O10","1.927","min","171.401","μmol/L","Humid","19.776","deg","119962","µV","34.199","°C","1011.000","hPa","39.0","pmil","0","55.560","deg","20.000","°C","100.000","%a.s.","22.010","deg","20.000","°C","978.000","hPa","0.861","-0.02617","0.00035","0","0","13.56","Humid","62.83","1","54.00","229930.48","SABD0001000008","AAV1.0.0.11","2.1.0.443","PSt7-10","170929-005","6/6/2018 9:09:52 AM","1443-01","0","no battery","V"
"07/06/2018","12:38:46","10","default","196169367","O10","1.944","min","171.392","μmol/L","Humid","19.779","deg","119974","µV","34.193","°C","1011.000","hPa","39.0","pmil","0","55.560","deg","20.000","°C","100.000","%a.s.","22.010","deg","20.000","°C","978.000","hPa","0.861","-0.02617","0.00035","0","0","13.56","Humid","62.83","1","54.00","229930.56","SABD0001000008","AAV1.0.0.11","2.1.0.443","PSt7-10","170929-005","6/6/2018 9:09:52 AM","1443-01","0","no battery","V"
"07/06/2018","12:38:47","10","default","196169367","O10","1.961","min","171.312","μmol/L","Humid","19.774","deg","119973","µV","34.219","°C","1011.000","hPa","39.0","pmil","0","55.560","deg","20.000","°C","100.000","%a.s.","22.010","deg","20.000","°C","978.000","hPa","0.861","-0.02617","0.00035","0","0","13.56","Humid","62.83","1","54.00","229940.80","SABD0001000008","AAV1.0.0.11","2.1.0.443","PSt7-10","170929-005","6/6/2018 9:09:52 AM","1443-01","0","no battery","V"
"07/06/2018","12:38:48","10","default","196169367","O10","1.978","min","171.286","μmol/L","Humid","19.775","deg","119978","µV","34.221","°C","1011.000","hPa","39.0","pmil","0","55.560","deg","20.000","°C","100.000","%a.s.","22.010","deg","20.000","°C","978.000","hPa","0.861","-0.02617","0.00035","0","0","13.56","Humid","62.83","1","54.00","229938.85","SABD0001000008","AAV1.0.0.11","2.1.0.443","PSt7-10","170929-005","6/6/2018 9:09:52 AM","1443-01","0","no battery","V"
"07/06/2018","12:38:49","10","default","196169367","O10","1.994","min","171.281","μmol/L","Humid","19.775","deg","119962","µV","34.221","°C","1011.000","hPa","39.0","pmil","0","55.560","deg","20.000","°C","100.000","%a.s.","22.010","deg","20.000","°C","978.000","hPa","0.861","-0.02617","0.00035","0","0","13.56","Humid","62.83","1","54.00","229937.70","SABD0001000008","AAV1.0.0.11","2.1.0.443","PSt7-10","170929-005","6/6/2018 9:09:52 AM","1443-01","0","no battery","V"
"07/06/2018","12:38:50","10","default","196169367","O10","2.011","min","171.257","μmol/L","Humid","19.777","deg","119979","µV","34.220","°C","1011.000","hPa","39.0","pmil","0","55.560","deg","20.000","°C","100.000","%a.s.","22.010","deg","20.000","°C","978.000","hPa","0.861","-0.02617","0.00035","0","0","13.56","Humid","62.83","1","54.00","229940.83","SABD0001000008","AAV1.0.0.11","2.1.0.443","PSt7-10","170929-005","6/6/2018 9:09:52 AM","1443-01","0","no battery","V"
"07/06/2018","12:38:52","10","default","196169367","O10","2.043","min","171.251","μmol/L","Humid","19.778","deg","120018","µV","34.219","°C","1011.000","hPa","39.0","pmil","0","55.560","deg","20.000","°C","100.000","%a.s.","22.010","deg","20.000","°C","978.000","hPa","0.861","-0.02617","0.00035","0","0","13.56","Humid","62.83","1","54.00","229966.92","SABD0001000008","AAV1.0.0.11","2.1.0.443","PSt7-10","170929-005","6/6/2018 9:09:52 AM","1443-01","0","no battery","V"
"07/06/2018","12:38:52","10","default","196169367","O10","2.044","min","171.204","μmol/L","Humid","19.781","deg","119962","µV","34.219","°C","1011.000","hPa","39.0","pmil","0","55.560","deg","20.000","°C","100.000","%a.s.","22.010","deg","20.000","°C","978.000","hPa","0.861","-0.02617","0.00035","0","0","13.56","Humid","62.83","1","54.00","229920.96","SABD0001000008","AAV1.0.0.11","2.1.0.443","PSt7-10","170929-005","6/6/2018 9:09:52 AM","1443-01","0","no battery","V"
"07/06/2018","12:38:53","10","default","196169367","O10","2.061","min","171.357","μmol/L","Humid","19.778","deg","119963","µV","34.201","°C","1011.000","hPa","39.0","pmil","0","55.560","deg","20.000","°C","100.000","%a.s.","22.010","deg","20.000","°C","978.000","hPa","0.861","-0.02617","0.00035","0","0","13.56","Humid","62.83","1","54.00","229920.72","SABD0001000008","AAV1.0.0.11","2.1.0.443","PSt7-10","170929-005","6/6/2018 9:09:52 AM","1443-01","0","no battery","V"
"07/06/2018","12:38:54","10","default","196169367","O10","2.078","min","171.344","μmol/L","Humid","19.777","deg","119978","µV","34.206","°C","1011.000","hPa","39.0","pmil","0","55.560","deg","20.000","°C","100.000","%a.s.","22.010","deg","20.000","°C","978.000","hPa","0.861","-0.02617","0.00035","0","0","13.56","Humid","62.83","1","54.00","229932.27","SABD0001000008","AAV1.0.0.11","2.1.0.443","PSt7-10","170929-005","6/6/2018 9:09:52 AM","1443-01","0","no battery","V"
"07/06/2018","12:38:55","10","default","196169367","O10","2.094","min","171.385","μmol/L","Humid","19.777","deg","119983","µV","34.199","°C","1011.000","hPa","39.0","pmil","0","55.560","deg","20.000","°C","100.000","%a.s.","22.010","deg","20.000","°C","978.000","hPa","0.861","-0.02617","0.00035","0","0","13.56","Humid","62.83","1","54.00","229935.74","SABD0001000008","AAV1.0.0.11","2.1.0.443","PSt7-10","170929-005","6/6/2018 9:09:52 AM","1443-01","0","no battery","V"
"07/06/2018","12:38:56","10","default","196169367","O10","2.111","min","171.094","μmol/L","Humid","19.785","deg","119987","µV","34.226","°C","1011.000","hPa","39.0","pmil","0","55.560","deg","20.000","°C","100.000","%a.s.","22.010","deg","20.000","°C","978.000","hPa","0.861","-0.02617","0.00035","0","0","13.56","Humid","62.83","1","54.00","229928.71","SABD0001000008","AAV1.0.0.11","2.1.0.443","PSt7-10","170929-005","6/6/2018 9:09:52 AM","1443-01","0","no battery","V"
"07/06/2018","12:38:57","10","default","196169367","O10","2.127","min","171.095","μmol/L","Humid","19.785","deg","119990","µV","34.226","°C","1011.000","hPa","39.0","pmil","0","55.560","deg","20.000","°C","100.000","%a.s.","22.010","deg","20.000","°C","978.000","hPa","0.861","-0.02617","0.00035","0","0","13.56","Humid","62.83","1","54.00","229934.74","SABD0001000008","AAV1.0.0.11","2.1.0.443","PSt7-10","170929-005","6/6/2018 9:09:52 AM","1443-01","0","no battery","V"
"07/06/2018","12:38:58","10","default","196169367","O10","2.144","min","171.057","μmol/L","Humid","19.784","deg","119989","µV","34.235","°C","1011.000","hPa","39.0","pmil","0","55.560","deg","20.000","°C","100.000","%a.s.","22.010","deg","20.000","°C","978.000","hPa","0.861","-0.02617","0.00035","0","0","13.56","Humid","62.83","1","54.00","229933.77","SABD0001000008","AAV1.0.0.11","2.1.0.443","PSt7-10","170929-005","6/6/2018 9:09:52 AM","1443-01","0","no battery","V"
"07/06/2018","12:38:59","10","default","196169367","O10","2.161","min","171.120","μmol/L","Humid","19.785","deg","119991","µV","34.222","°C","1011.000","hPa","39.0","pmil","0","55.560","deg","20.000","°C","100.000","%a.s.","22.010","deg","20.000","°C","978.000","hPa","0.861","-0.02617","0.00035","0","0","13.56","Humid","62.83","1","54.00","229933.23","SABD0001000008","AAV1.0.0.11","2.1.0.443","PSt7-10","170929-005","6/6/2018 9:09:52 AM","1443-01","0","no battery","V"
"07/06/2018","12:39:00","10","default","196169367","O10","2.178","min","171.194","μmol/L","Humid","19.783","deg","119987","µV","34.215","°C","1011.000","hPa","39.0","pmil","0","55.560","deg","20.000","°C","100.000","%a.s.","22.010","deg","20.000","°C","978.000","hPa","0.861","-0.02617","0.00035","0","0","13.56","Humid","62.83","1","54.00","229927.65","SABD0001000008","AAV1.0.0.11","2.1.0.443","PSt7-10","170929-005","6/6/2018 9:09:52 AM","1443-01","0","no battery","V"
"07/06/2018","12:39:01","10","default","196169367","O10","2.194","min","171.158","μmol/L","Humid","19.786","deg","119997","µV","34.213","°C","1011.000","hPa","39.0","pmil","0","55.560","deg","20.000","°C","100.000","%a.s.","22.010","deg","20.000","°C","978.000","hPa","0.861","-0.02617","0.00035","0","0","13.56","Humid","62.83","1","54.00","229925.93","SABD0001000008","AAV1.0.0.11","2.1.0.443","PSt7-10","170929-005","6/6/2018 9:09:52 AM","1443-01","0","no battery","V"
"07/06/2018","12:39:02","10","default","196169367","O10","2.211","min","171.266","μmol/L","Humid","19.783","deg","119996","µV","34.203","°C","1011.000","hPa","39.0","pmil","0","55.560","deg","20.000","°C","100.000","%a.s.","22.010","deg","20.000","°C","978.000","hPa","0.861","-0.02617","0.00035","0","0","13.56","Humid","62.83","1","54.00","229940.35","SABD0001000008","AAV1.0.0.11","2.1.0.443","PSt7-10","170929-005","6/6/2018 9:09:52 AM","1443-01","0","no battery","V"
"07/06/2018","12:39:03","10","default","196169367","O10","2.228","min","171.294","μmol/L","Humid","19.783","deg","119993","µV","34.199","°C","1011.000","hPa","39.0","pmil","0","55.560","deg","20.000","°C","100.000","%a.s.","22.010","deg","20.000","°C","978.000","hPa","0.861","-0.02617","0.00035","0","0","13.56","Humid","62.83","1","54.00","229938.40","SABD0001000008","AAV1.0.0.11","2.1.0.443","PSt7-10","170929-005","6/6/2018 9:09:52 AM","1443-01","0","no battery","V"
"07/06/2018","12:39:04","10","default","196169367","O10","2.244","min","171.289","μmol/L","Humid","19.782","deg","119999","µV","34.202","°C","1011.000","hPa","39.0","pmil","0","55.560","deg","20.000","°C","100.000","%a.s.","22.010","deg","20.000","°C","978.000","hPa","0.861","-0.02617","0.00035","0","0","13.56","Humid","62.83","1","54.00","229937.54","SABD0001000008","AAV1.0.0.11","2.1.0.443","PSt7-10","170929-005","6/6/2018 9:09:52 AM","1443-01","0","no battery","V"
"07/06/2018","12:39:05","10","default","196169367","O10","2.261","min","171.214","μmol/L","Humid","19.786","deg","120011","µV","34.204","°C","1011.000","hPa","39.0","pmil","0","55.560","deg","20.000","°C","100.000","%a.s.","22.010","deg","20.000","°C","978.000","hPa","0.861","-0.02617","0.00035","0","0","13.56","Humid","62.83","1","54.00","229938.42","SABD0001000008","AAV1.0.0.11","2.1.0.443","PSt7-10","170929-005","6/6/2018 9:09:52 AM","1443-01","0","no battery","V"
"07/06/2018","12:39:06","10","default","196169367","O10","2.278","min","171.225","μmol/L","Humid","19.786","deg","120006","µV","34.202","°C","1011.000","hPa","39.0","pmil","0","55.560","deg","20.000","°C","100.000","%a.s.","22.010","deg","20.000","°C","978.000","hPa","0.861","-0.02617","0.00035","0","0","13.56","Humid","62.83","1","54.00","229937.81","SABD0001000008","AAV1.0.0.11","2.1.0.443","PSt7-10","170929-005","6/6/2018 9:09:52 AM","1443-01","0","no battery","V"
"07/06/2018","12:39:07","10","default","196169367","O10","2.294","min","171.101","μmol/L","Humid","19.785","deg","120016","µV","34.225","°C","1011.000","hPa","39.0","pmil","0","55.560","deg","20.000","°C","100.000","%a.s.","22.010","deg","20.000","°C","978.000","hPa","0.861","-0.02617","0.00035","0","0","13.56","Humid","62.83","1","54.00","229935.25","SABD0001000008","AAV1.0.0.11","2.1.0.443","PSt7-10","170929-005","6/6/2018 9:09:52 AM","1443-01","0","no battery","V"
"07/06/2018","12:39:08","10","default","196169367","O10","2.311","min","171.086","μmol/L","Humid","19.788","deg","120025","µV","34.220","°C","1011.000","hPa","39.0","pmil","0","55.560","deg","20.000","°C","100.000","%a.s.","22.010","deg","20.000","°C","978.000","hPa","0.861","-0.02617","0.00035","0","0","13.56","Humid","62.83","1","54.00","229925.36","SABD0001000008","AAV1.0.0.11","2.1.0.443","PSt7-10","170929-005","6/6/2018 9:09:52 AM","1443-01","0","no battery","V"
"07/06/2018","12:39:09","10","default","196169367","O10","2.328","min","171.237","μmol/L","Humid","19.784","deg","120027","µV","34.206","°C","1011.000","hPa","39.0","pmil","0","55.560","deg","20.000","°C","100.000","%a.s.","22.010","deg","20.000","°C","978.000","hPa","0.861","-0.02617","0.00035","0","0","13.56","Humid","62.83","1","54.00","229932.66","SABD0001000008","AAV1.0.0.11","2.1.0.443","PSt7-10","170929-005","6/6/2018 9:09:52 AM","1443-01","0","no battery","V"
"07/06/2018","12:39:10","10","default","196169367","O10","2.344","min","171.096","μmol/L","Humid","19.786","deg","120011","µV","34.223","°C","1011.000","hPa","39.0","pmil","0","55.560","deg","20.000","°C","100.000","%a.s.","22.010","deg","20.000","°C","978.000","hPa","0.861","-0.02617","0.00035","0","0","13.56","Humid","62.83","1","54.00","229930.50","SABD0001000008","AAV1.0.0.11","2.1.0.443","PSt7-10","170929-005","6/6/2018 9:09:52 AM","1443-01","0","no battery","V"
"07/06/2018","12:39:11","10","default","196169367","O10","2.361","min","171.101","μmol/L","Humid","19.787","deg","120028","µV","34.220","°C","1011.000","hPa","39.0","pmil","0","55.560","deg","20.000","°C","100.000","%a.s.","22.010","deg","20.000","°C","978.000","hPa","0.861","-0.02617","0.00035","0","0","13.56","Humid","62.83","1","54.00","229921.07","SABD0001000008","AAV1.0.0.11","2.1.0.443","PSt7-10","170929-005","6/6/2018 9:09:52 AM","1443-01","0","no battery","V"
"07/06/2018","12:39:12","10","default","196169367","O10","2.378","min","171.136","μmol/L","Humid","19.788","deg","120032","µV","34.212","°C","1011.000","hPa","39.0","pmil","0","55.560","deg","20.000","°C","100.000","%a.s.","22.010","deg","20.000","°C","978.000","hPa","0.861","-0.02617","0.00035","0","0","13.56","Humid","62.83","1","54.00","229918.82","SABD0001000008","AAV1.0.0.11","2.1.0.443","PSt7-10","170929-005","6/6/2018 9:09:52 AM","1443-01","0","no battery","V"
"07/06/2018","12:39:13","10","default","196169367","O10","2.394","min","171.170","μmol/L","Humid","19.786","deg","120038","µV","34.211","°C","1011.000","hPa","39.0","pmil","0","55.560","deg","20.000","°C","100.000","%a.s.","22.010","deg","20.000","°C","978.000","hPa","0.861","-0.02617","0.00035","0","0","13.56","Humid","62.83","1","54.00","229921.35","SABD0001000008","AAV1.0.0.11","2.1.0.443","PSt7-10","170929-005","6/6/2018 9:09:52 AM","1443-01","0","no battery","V"
"07/06/2018","12:39:14","10","default","196169367","O10","2.411","min","171.123","μmol/L","Humid","19.789","deg","120044","µV","34.211","°C","1011.000","hPa","39.0","pmil","0","55.560","deg","20.000","°C","100.000","%a.s.","22.010","deg","20.000","°C","978.000","hPa","0.861","-0.02617","0.00035","0","0","13.56","Humid","62.83","1","54.00","229916.50","SABD0001000008","AAV1.0.0.11","2.1.0.443","PSt7-10","170929-005","6/6/2018 9:09:52 AM","1443-01","0","no battery","V"
"07/06/2018","12:39:15","10","default","196169367","O10","2.428","min","171.147","μmol/L","Humid","19.788","deg","120038","µV","34.210","°C","1011.000","hPa","39.0","pmil","0","55.560","deg","20.000","°C","100.000","%a.s.","22.010","deg","20.000","°C","978.000","hPa","0.861","-0.02617","0.00035","0","0","13.56","Humid","62.83","1","54.00","229921.10","SABD0001000008","AAV1.0.0.11","2.1.0.443","PSt7-10","170929-005","6/6/2018 9:09:52 AM","1443-01","0","no battery","V"
"07/06/2018","12:39:16","10","default","196169367","O10","2.445","min","171.071","μmol/L","Humid","19.791","deg","120040","µV","34.215","°C","1011.000","hPa","39.0","pmil","0","55.560","deg","20.000","°C","100.000","%a.s.","22.010","deg","20.000","°C","978.000","hPa","0.861","-0.02617","0.00035","0","0","13.56","Humid","62.83","1","54.00","229925.91","SABD0001000008","AAV1.0.0.11","2.1.0.443","PSt7-10","170929-005","6/6/2018 9:09:52 AM","1443-01","0","no battery","V"
"07/06/2018","12:39:17","10","default","196169367","O10","2.461","min","171.100","μmol/L","Humid","19.793","deg","120043","µV","34.205","°C","1011.000","hPa","39.0","pmil","0","55.560","deg","20.000","°C","100.000","%a.s.","22.010","deg","20.000","°C","978.000","hPa","0.861","-0.02617","0.00035","0","0","13.56","Humid","62.83","1","54.00","229911.53","SABD0001000008","AAV1.0.0.11","2.1.0.443","PSt7-10","170929-005","6/6/2018 9:09:52 AM","1443-01","0","no battery","V"
"07/06/2018","12:39:18","10","default","196169367","O10","2.477","min","171.064","μmol/L","Humid","19.791","deg","120046","µV","34.216","°C","1011.000","hPa","39.0","pmil","0","55.560","deg","20.000","°C","100.000","%a.s.","22.010","deg","20.000","°C","978.000","hPa","0.861","-0.02617","0.00035","0","0","13.56","Humid","62.83","1","54.00","229913.12","SABD0001000008","AAV1.0.0.11","2.1.0.443","PSt7-10","170929-005","6/6/2018 9:09:52 AM","1443-01","0","no battery","V"
"07/06/2018","12:39:19","10","default","196169367","O10","2.494","min","171.071","μmol/L","Humid","19.793","deg","120053","µV","34.210","°C","1011.000","hPa","39.0","pmil","0","55.560","deg","20.000","°C","100.000","%a.s.","22.010","deg","20.000","°C","978.000","hPa","0.861","-0.02617","0.00035","0","0","13.56","Humid","62.83","1","54.00","229913.01","SABD0001000008","AAV1.0.0.11","2.1.0.443","PSt7-10","170929-005","6/6/2018 9:09:52 AM","1443-01","0","no battery","V"
"07/06/2018","12:39:20","10","default","196169367","O10","2.511","min","171.060","μmol/L","Humid","19.796","deg","120057","µV","34.204","°C","1011.000","hPa","39.0","pmil","0","55.560","deg","20.000","°C","100.000","%a.s.","22.010","deg","20.000","°C","978.000","hPa","0.861","-0.02617","0.00035","0","0","13.56","Humid","62.83","1","54.00","229918.70","SABD0001000008","AAV1.0.0.11","2.1.0.443","PSt7-10","170929-005","6/6/2018 9:09:52 AM","1443-01","0","no battery","V"
"07/06/2018","12:39:21","10","default","196169367","O10","2.527","min","171.091","μmol/L","Humid","19.796","deg","120044","µV","34.199","°C","1011.000","hPa","39.0","pmil","0","55.560","deg","20.000","°C","100.000","%a.s.","22.010","deg","20.000","°C","978.000","hPa","0.861","-0.02617","0.00035","0","0","13.56","Humid","62.83","1","54.00","229919.31","SABD0001000008","AAV1.0.0.11","2.1.0.443","PSt7-10","170929-005","6/6/2018 9:09:52 AM","1443-01","0","no battery","V"
"07/06/2018","12:39:22","10","default","196169367","O10","2.544","min","171.107","μmol/L","Humid","19.789","deg","120037","µV","34.214","°C","1011.000","hPa","39.0","pmil","0","55.560","deg","20.000","°C","100.000","%a.s.","22.010","deg","20.000","°C","978.000","hPa","0.861","-0.02617","0.00035","0","0","13.56","Humid","62.83","1","54.00","229911.28","SABD0001000008","AAV1.0.0.11","2.1.0.443","PSt7-10","170929-005","6/6/2018 9:09:52 AM","1443-01","0","no battery","V"
"07/06/2018","12:39:23","10","default","196169367","O10","2.561","min","171.075","μmol/L","Humid","19.793","deg","120042","µV","34.209","°C","1011.000","hPa","39.0","pmil","0","55.560","deg","20.000","°C","100.000","%a.s.","22.010","deg","20.000","°C","978.000","hPa","0.861","-0.02617","0.00035","0","0","13.56","Humid","62.83","1","54.00","229915.54","SABD0001000008","AAV1.0.0.11","2.1.0.443","PSt7-10","170929-005","6/6/2018 9:09:52 AM","1443-01","0","no battery","V"
"07/06/2018","12:39:24","10","default","196169367","O10","2.578","min","171.103","μmol/L","Humid","19.793","deg","120054","µV","34.204","°C","1011.000","hPa","39.0","pmil","0","55.560","deg","20.000","°C","100.000","%a.s.","22.010","deg","20.000","°C","978.000","hPa","0.861","-0.02617","0.00035","0","0","13.56","Humid","62.83","1","54.00","229917.82","SABD0001000008","AAV1.0.0.11","2.1.0.443","PSt7-10","170929-005","6/6/2018 9:09:52 AM","1443-01","0","no battery","V"
"07/06/2018","12:39:25","10","default","196169367","O10","2.595","min","171.060","μmol/L","Humid","19.794","deg","120063","µV","34.209","°C","1011.000","hPa","39.0","pmil","0","55.560","deg","20.000","°C","100.000","%a.s.","22.010","deg","20.000","°C","978.000","hPa","0.861","-0.02617","0.00035","0","0","13.56","Humid","62.83","1","54.00","229919.62","SABD0001000008","AAV1.0.0.11","2.1.0.443","PSt7-10","170929-005","6/6/2018 9:09:52 AM","1443-01","0","no battery","V"
"07/06/2018","12:39:26","10","default","196169367","O10","2.612","min","170.988","μmol/L","Humid","19.791","deg","120063","µV","34.228","°C","1011.000","hPa","39.0","pmil","0","55.560","deg","20.000","°C","100.000","%a.s.","22.010","deg","20.000","°C","978.000","hPa","0.861","-0.02617","0.00035","0","0","13.56","Humid","62.83","1","54.00","229916.77","SABD0001000008","AAV1.0.0.11","2.1.0.443","PSt7-10","170929-005","6/6/2018 9:09:52 AM","1443-01","0","no battery","V"
"07/06/2018","12:39:27","10","default","196169367","O10","2.628","min","170.883","μmol/L","Humid","19.797","deg","120065","µV","34.230","°C","1011.000","hPa","39.0","pmil","0","55.560","deg","20.000","°C","100.000","%a.s.","22.010","deg","20.000","°C","978.000","hPa","0.861","-0.02617","0.00035","0","0","13.56","Humid","62.83","1","54.00","229923.61","SABD0001000008","AAV1.0.0.11","2.1.0.443","PSt7-10","170929-005","6/6/2018 9:09:52 AM","1443-01","0","no battery","V"
"07/06/2018","12:39:28","10","default","196169367","O10","2.644","min","171.040","μmol/L","Humid","19.796","deg","120056","µV","34.207","°C","1011.000","hPa","39.0","pmil","0","55.560","deg","20.000","°C","100.000","%a.s.","22.010","deg","20.000","°C","978.000","hPa","0.861","-0.02617","0.00035","0","0","13.56","Humid","62.83","1","54.00","229919.04","SABD0001000008","AAV1.0.0.11","2.1.0.443","PSt7-10","170929-005","6/6/2018 9:09:52 AM","1443-01","0","no battery","V"
"07/06/2018","12:39:29","10","default","196169367","O10","2.662","min","171.046","μmol/L","Humid","19.796","deg","120068","µV","34.206","°C","1011.000","hPa","39.0","pmil","0","55.560","deg","20.000","°C","100.000","%a.s.","22.010","deg","20.000","°C","978.000","hPa","0.861","-0.02617","0.00035","0","0","13.56","Humid","62.83","1","54.00","229919.79","SABD0001000008","AAV1.0.0.11","2.1.0.443","PSt7-10","170929-005","6/6/2018 9:09:52 AM","1443-01","0","no battery","V"
"07/06/2018","12:39:30","10","default","196169367","O10","2.678","min","171.007","μmol/L","Humid","19.794","deg","120070","µV","34.217","°C","1011.000","hPa","39.0","pmil","0","55.560","deg","20.000","°C","100.000","%a.s.","22.010","deg","20.000","°C","978.000","hPa","0.861","-0.02617","0.00035","0","0","13.56","Humid","62.83","1","54.00","229904.70","SABD0001000008","AAV1.0.0.11","2.1.0.443","PSt7-10","170929-005","6/6/2018 9:09:52 AM","1443-01","0","no battery","V"
"07/06/2018","12:39:31","10","default","196169367","O10","2.694","min","170.935","μmol/L","Humid","19.797","deg","120068","µV","34.222","°C","1011.000","hPa","39.0","pmil","0","55.560","deg","20.000","°C","100.000","%a.s.","22.010","deg","20.000","°C","978.000","hPa","0.861","-0.02617","0.00035","0","0","13.56","Humid","62.83","1","54.00","229916.27","SABD0001000008","AAV1.0.0.11","2.1.0.443","PSt7-10","170929-005","6/6/2018 9:09:52 AM","1443-01","0","no battery","V"
"07/06/2018","12:39:32","10","default","196169367","O10","2.711","min","171.017","μmol/L","Humid","19.796","deg","120086","µV","34.211","°C","1011.000","hPa","39.0","pmil","0","55.560","deg","20.000","°C","100.000","%a.s.","22.010","deg","20.000","°C","978.000","hPa","0.861","-0.02617","0.00035","0","0","13.56","Humid","62.83","1","54.00","229913.66","SABD0001000008","AAV1.0.0.11","2.1.0.443","PSt7-10","170929-005","6/6/2018 9:09:52 AM","1443-01","0","no battery","V"
"07/06/2018","12:39:33","10","default","196169367","O10","2.728","min","171.013","μmol/L","Humid","19.799","deg","120067","µV","34.204","°C","1011.000","hPa","39.0","pmil","0","55.560","deg","20.000","°C","100.000","%a.s.","22.010","deg","20.000","°C","978.000","hPa","0.861","-0.02617","0.00035","0","0","13.56","Humid","62.83","1","54.00","229905.98","SABD0001000008","AAV1.0.0.11","2.1.0.443","PSt7-10","170929-005","6/6/2018 9:09:52 AM","1443-01","0","no battery","V"
"07/06/2018","12:39:34","10","default","196169367","O10","2.744","min","170.972","μmol/L","Humid","19.799","deg","120076","µV","34.210","°C","1011.000","hPa","39.0","pmil","0","55.560","deg","20.000","°C","100.000","%a.s.","22.010","deg","20.000","°C","978.000","hPa","0.861","-0.02617","0.00035","0","0","13.56","Humid","62.83","1","54.00","229922.56","SABD0001000008","AAV1.0.0.11","2.1.0.443","PSt7-10","170929-005","6/6/2018 9:09:52 AM","1443-01","0","no battery","V"
"07/06/2018","12:39:35","10","default","196169367","O10","2.761","min","170.946","μmol/L","Humid","19.798","deg","120069","µV","34.217","°C","1011.000","hPa","39.0","pmil","0","55.560","deg","20.000","°C","100.000","%a.s.","22.010","deg","20.000","°C","978.000","hPa","0.861","-0.02617","0.00035","0","0","13.56","Humid","62.83","1","54.00","229903.81","SABD0001000008","AAV1.0.0.11","2.1.0.443","PSt7-10","170929-005","6/6/2018 9:09:52 AM","1443-01","0","no battery","V"
"07/06/2018","12:39:36","10","default","196169367","O10","2.778","min","170.824","μmol/L","Humid","19.801","deg","120082","µV","34.229","°C","1011.000","hPa","39.0","pmil","0","55.560","deg","20.000","°C","100.000","%a.s.","22.010","deg","20.000","°C","978.000","hPa","0.861","-0.02617","0.00035","0","0","13.56","Humid","62.83","1","54.00","229906.11","SABD0001000008","AAV1.0.0.11","2.1.0.443","PSt7-10","170929-005","6/6/2018 9:09:52 AM","1443-01","0","no battery","V"
"07/06/2018","12:39:37","10","default","196169367","O10","2.795","min","170.871","μmol/L","Humid","19.801","deg","120079","µV","34.222","°C","1011.000","hPa","39.0","pmil","0","55.560","deg","20.000","°C","100.000","%a.s.","22.010","deg","20.000","°C","978.000","hPa","0.861","-0.02617","0.00035","0","0","13.56","Humid","62.83","1","54.00","229912.95","SABD0001000008","AAV1.0.0.11","2.1.0.443","PSt7-10","170929-005","6/6/2018 9:09:52 AM","1443-01","0","no battery","V"
"07/06/2018","12:39:38","10","default","196169367","O10","2.811","min","170.918","μmol/L","Humid","19.798","deg","120084","µV","34.222","°C","1011.000","hPa","39.0","pmil","0","55.560","deg","20.000","°C","100.000","%a.s.","22.010","deg","20.000","°C","978.000","hPa","0.861","-0.02617","0.00035","0","0","13.56","Humid","62.83","1","54.00","229898.46","SABD0001000008","AAV1.0.0.11","2.1.0.443","PSt7-10","170929-005","6/6/2018 9:09:52 AM","1443-01","0","no battery","V"
"07/06/2018","12:39:39","10","default","196169367","O10","2.827","min","170.911","μmol/L","Humid","19.801","deg","120088","µV","34.215","°C","1011.000","hPa","39.0","pmil","0","55.560","deg","20.000","°C","100.000","%a.s.","22.010","deg","20.000","°C","978.000","hPa","0.861","-0.02617","0.00035","0","0","13.56","Humid","62.83","1","54.00","229909.36","SABD0001000008","AAV1.0.0.11","2.1.0.443","PSt7-10","170929-005","6/6/2018 9:09:52 AM","1443-01","0","no battery","V"
"07/06/2018","12:39:40","10","default","196169367","O10","2.844","min","170.958","μmol/L","Humid","19.802","deg","120089","µV","34.205","°C","1011.000","hPa","39.0","pmil","0","55.560","deg","20.000","°C","100.000","%a.s.","22.010","deg","20.000","°C","978.000","hPa","0.861","-0.02617","0.00035","0","0","13.56","Humid","62.83","1","54.00","229899.60","SABD0001000008","AAV1.0.0.11","2.1.0.443","PSt7-10","170929-005","6/6/2018 9:09:52 AM","1443-01","0","no battery","V"
"07/06/2018","12:39:41","10","default","196169367","O10","2.861","min","170.969","μmol/L","Humid","19.801","deg","120097","µV","34.206","°C","1011.000","hPa","39.0","pmil","0","55.560","deg","20.000","°C","100.000","%a.s.","22.010","deg","20.000","°C","978.000","hPa","0.861","-0.02617","0.00035","0","0","13.56","Humid","62.83","1","54.00","229912.20","SABD0001000008","AAV1.0.0.11","2.1.0.443","PSt7-10","170929-005","6/6/2018 9:09:52 AM","1443-01","0","no battery","V"
"07/06/2018","12:39:42","10","default","196169367","O10","2.878","min","170.848","μmol/L","Humid","19.804","deg","120098","µV","34.218","°C","1011.000","hPa","39.0","pmil","0","55.560","deg","20.000","°C","100.000","%a.s.","22.010","deg","20.000","°C","978.000","hPa","0.861","-0.02617","0.00035","0","0","13.56","Humid","62.83","1","54.00","229903.23","SABD0001000008","AAV1.0.0.11","2.1.0.443","PSt7-10","170929-005","6/6/2018 9:09:52 AM","1443-01","0","no battery","V"
"07/06/2018","12:39:43","10","default","196169367","O10","2.894","min","170.925","μmol/L","Humid","19.805","deg","120105","µV","34.203","°C","1011.000","hPa","39.0","pmil","0","55.560","deg","20.000","°C","100.000","%a.s.","22.010","deg","20.000","°C","978.000","hPa","0.861","-0.02617","0.00035","0","0","13.56","Humid","62.83","1","54.00","229902.25","SABD0001000008","AAV1.0.0.11","2.1.0.443","PSt7-10","170929-005","6/6/2018 9:09:52 AM","1443-01","0","no battery","V"
"07/06/2018","12:39:44","10","default","196169367","O10","2.911","min","170.902","μmol/L","Humid","19.806","deg","120103","µV","34.204","°C","1011.000","hPa","39.0","pmil","0","55.560","deg","20.000","°C","100.000","%a.s.","22.010","deg","20.000","°C","978.000","hPa","0.861","-0.02617","0.00035","0","0","13.56","Humid","62.83","1","54.00","229896.74","SABD0001000008","AAV1.0.0.11","2.1.0.443","PSt7-10","170929-005","6/6/2018 9:09:52 AM","1443-01","0","no battery","V"
"07/06/2018","12:39:45","10","default","196169367","O10","2.928","min","170.753","μmol/L","Humid","19.801","deg","120107","µV","34.241","°C","1011.000","hPa","39.0","pmil","0","55.560","deg","20.000","°C","100.000","%a.s.","22.010","deg","20.000","°C","978.000","hPa","0.861","-0.02617","0.00035","0","0","13.56","Humid","62.83","1","54.00","229912.75","SABD0001000008","AAV1.0.0.11","2.1.0.443","PSt7-10","170929-005","6/6/2018 9:09:52 AM","1443-01","0","no battery","V"
"07/06/2018","12:39:46","10","default","196169367","O10","2.944","min","170.841","μmol/L","Humid","19.805","deg","120105","µV","34.216","°C","1011.000","hPa","39.0","pmil","0","55.560","deg","20.000","°C","100.000","%a.s.","22.010","deg","20.000","°C","978.000","hPa","0.861","-0.02617","0.00035","0","0","13.56","Humid","62.83","1","54.00","229909.08","SABD0001000008","AAV1.0.0.11","2.1.0.443","PSt7-10","170929-005","6/6/2018 9:09:52 AM","1443-01","0","no battery","V"
"07/06/2018","12:39:47","10","default","196169367","O10","2.961","min","170.779","μmol/L","Humid","19.804","deg","120118","µV","34.229","°C","1011.000","hPa","39.0","pmil","0","55.560","deg","20.000","°C","100.000","%a.s.","22.010","deg","20.000","°C","978.000","hPa","0.861","-0.02617","0.00035","0","0","13.56","Humid","62.83","1","54.00","229895.85","SABD0001000008","AAV1.0.0.11","2.1.0.443","PSt7-10","170929-005","6/6/2018 9:09:52 AM","1443-01","0","no battery","V"
"07/06/2018","12:39:48","10","default","196169367","O10","2.977","min","170.802","μmol/L","Humid","19.807","deg","120123","µV","34.218","°C","1011.000","hPa","39.0","pmil","0","55.560","deg","20.000","°C","100.000","%a.s.","22.010","deg","20.000","°C","978.000","hPa","0.861","-0.02617","0.00035","0","0","13.56","Humid","62.83","1","54.00","229895.33","SABD0001000008","AAV1.0.0.11","2.1.0.443","PSt7-10","170929-005","6/6/2018 9:09:52 AM","1443-01","0","no battery","V"
"07/06/2018","12:39:49","10","default","196169367","O10","2.994","min","170.709","μmol/L","Humid","19.810","deg","120121","µV","34.225","°C","1011.000","hPa","39.0","pmil","0","55.560","deg","20.000","°C","100.000","%a.s.","22.010","deg","20.000","°C","978.000","hPa","0.861","-0.02617","0.00035","0","0","13.56","Humid","62.83","1","54.00","229898.04","SABD0001000008","AAV1.0.0.11","2.1.0.443","PSt7-10","170929-005","6/6/2018 9:09:52 AM","1443-01","0","no battery","V"
"07/06/2018","12:39:50","10","default","196169367","O10","3.011","min","170.707","μmol/L","Humid","19.810","deg","120126","µV","34.225","°C","1011.000","hPa","39.0","pmil","0","55.560","deg","20.000","°C","100.000","%a.s.","22.010","deg","20.000","°C","978.000","hPa","0.861","-0.02617","0.00035","0","0","13.56","Humid","62.83","1","54.00","229905.38","SABD0001000008","AAV1.0.0.11","2.1.0.443","PSt7-10","170929-005","6/6/2018 9:09:52 AM","1443-01","0","no battery","V"
"07/06/2018","12:39:51","10","default","196169367","O10","3.028","min","170.808","μmol/L","Humid","19.810","deg","120126","µV","34.209","°C","1011.000","hPa","39.0","pmil","0","55.560","deg","20.000","°C","100.000","%a.s.","22.010","deg","20.000","°C","978.000","hPa","0.861","-0.02617","0.00035","0","0","13.56","Humid","62.83","1","54.00","229908.33","SABD0001000008","AAV1.0.0.11","2.1.0.443","PSt7-10","170929-005","6/6/2018 9:09:52 AM","1443-01","0","no battery","V"
"07/06/2018","12:39:52","10","default","196169367","O10","3.044","min","170.826","μmol/L","Humid","19.807","deg","120133","µV","34.214","°C","1011.000","hPa","39.0","pmil","0","55.560","deg","20.000","°C","100.000","%a.s.","22.010","deg","20.000","°C","978.000","hPa","0.861","-0.02617","0.00035","0","0","13.56","Humid","62.83","1","54.00","229902.39","SABD0001000008","AAV1.0.0.11","2.1.0.443","PSt7-10","170929-005","6/6/2018 9:09:52 AM","1443-01","0","no battery","V"
"07/06/2018","12:39:53","10","default","196169367","O10","3.061","min","170.766","μmol/L","Humid","19.811","deg","120123","µV","34.213","°C","1011.000","hPa","39.0","pmil","0","55.560","deg","20.000","°C","100.000","%a.s.","22.010","deg","20.000","°C","978.000","hPa","0.861","-0.02617","0.00035","0","0","13.56","Humid","62.83","1","54.00","229899.47","SABD0001000008","AAV1.0.0.11","2.1.0.443","PSt7-10","170929-005","6/6/2018 9:09:52 AM","1443-01","0","no battery","V"
"07/06/2018","12:39:54","10","default","196169367","O10","3.078","min","170.627","μmol/L","Humid","19.815","deg","120135","µV","34.226","°C","1011.000","hPa","39.0","pmil","0","55.560","deg","20.000","°C","100.000","%a.s.","22.010","deg","20.000","°C","978.000","hPa","0.861","-0.02617","0.00035","0","0","13.56","Humid","62.83","1","54.00","229904.27","SABD0001000008","AAV1.0.0.11","2.1.0.443","PSt7-10","170929-005","6/6/2018 9:09:52 AM","1443-01","0","no battery","V"
"07/06/2018","12:39:55","10","default","196169367","O10","3.095","min","170.670","μmol/L","Humid","19.808","deg","120130","µV","34.237","°C","1011.000","hPa","39.0","pmil","0","55.560","deg","20.000","°C","100.000","%a.s.","22.010","deg","20.000","°C","978.000","hPa","0.861","-0.02617","0.00035","0","0","13.56","Humid","62.83","1","54.00","229904.32","SABD0001000008","AAV1.0.0.11","2.1.0.443","PSt7-10","170929-005","6/6/2018 9:09:52 AM","1443-01","0","no battery","V"
"07/06/2018","12:39:56","10","default","196169367","O10","3.111","min","170.685","μmol/L","Humid","19.814","deg","120130","µV","34.219","°C","1011.000","hPa","39.0","pmil","0","55.560","deg","20.000","°C","100.000","%a.s.","22.010","deg","20.000","°C","978.000","hPa","0.861","-0.02617","0.00035","0","0","13.56","Humid","62.83","1","54.00","229900.25","SABD0001000008","AAV1.0.0.11","2.1.0.443","PSt7-10","170929-005","6/6/2018 9:09:52 AM","1443-01","0","no battery","V"
"07/06/2018","12:39:57","10","default","196169367","O10","3.128","min","170.789","μmol/L","Humid","19.810","deg","120138","µV","34.212","°C","1011.000","hPa","39.0","pmil","0","55.560","deg","20.000","°C","100.000","%a.s.","22.010","deg","20.000","°C","978.000","hPa","0.861","-0.02617","0.00035","0","0","13.56","Humid","62.83","1","54.00","229905.57","SABD0001000008","AAV1.0.0.11","2.1.0.443","PSt7-10","170929-005","6/6/2018 9:09:52 AM","1443-01","0","no battery","V"
"07/06/2018","12:39:58","10","default","196169367","O10","3.144","min","170.654","μmol/L","Humid","19.813","deg","120141","µV","34.226","°C","1011.000","hPa","39.0","pmil","0","55.560","deg","20.000","°C","100.000","%a.s.","22.010","deg","20.000","°C","978.000","hPa","0.861","-0.02617","0.00035","0","0","13.56","Humid","62.83","1","54.00","229909.84","SABD0001000008","AAV1.0.0.11","2.1.0.443","PSt7-10","170929-005","6/6/2018 9:09:52 AM","1443-01","0","no battery","V"
"07/06/2018","12:39:59","10","default","196169367","O10","3.161","min","170.713","μmol/L","Humid","19.811","deg","120145","µV","34.222","°C","1011.000","hPa","39.0","pmil","0","55.560","deg","20.000","°C","100.000","%a.s.","22.010","deg","20.000","°C","978.000","hPa","0.861","-0.02617","0.00035","0","0","13.56","Humid","62.83","1","54.00","229909.58","SABD0001000008","AAV1.0.0.11","2.1.0.443","PSt7-10","170929-005","6/6/2018 9:09:52 AM","1443-01","0","no battery","V"
"07/06/2018","12:40:00","10","default","196169367","O10","3.177","min","170.650","μmol/L","Humid","19.815","deg","120132","µV","34.222","°C","1011.000","hPa","39.0","pmil","0","55.560","deg","20.000","°C","100.000","%a.s.","22.010","deg","20.000","°C","978.000","hPa","0.861","-0.02617","0.00035","0","0","13.56","Humid","62.83","1","54.00","229895.91","SABD0001000008","AAV1.0.0.11","2.1.0.443","PSt7-10","170929-005","6/6/2018 9:09:52 AM","1443-01","0","no battery","V"
"07/06/2018","12:40:01","10","default","196169367","O10","3.195","min","170.685","μmol/L","Humid","19.814","deg","120135","µV","34.219","°C","1011.000","hPa","39.0","pmil","0","55.560","deg","20.000","°C","100.000","%a.s.","22.010","deg","20.000","°C","978.000","hPa","0.861","-0.02617","0.00035","0","0","13.56","Humid","62.83","1","54.00","229900.01","SABD0001000008","AAV1.0.0.11","2.1.0.443","PSt7-10","170929-005","6/6/2018 9:09:52 AM","1443-01","0","no battery","V"
"07/06/2018","12:40:02","10","default","196169367","O10","3.211","min","170.748","μmol/L","Humid","19.811","deg","120150","µV","34.216","°C","1011.000","hPa","39.0","pmil","0","55.560","deg","20.000","°C","100.000","%a.s.","22.010","deg","20.000","°C","978.000","hPa","0.861","-0.02617","0.00035","0","0","13.56","Humid","62.83","1","54.00","229898.31","SABD0001000008","AAV1.0.0.11","2.1.0.443","PSt7-10","170929-005","6/6/2018 9:09:52 AM","1443-01","0","no battery","V"
"07/06/2018","12:40:03","10","default","196169367","O10","3.228","min","170.753","μmol/L","Humid","19.812","deg","120161","µV","34.213","°C","1011.000","hPa","39.0","pmil","0","55.560","deg","20.000","°C","100.000","%a.s.","22.010","deg","20.000","°C","978.000","hPa","0.861","-0.02617","0.00035","0","0","13.56","Humid","62.83","1","54.00","229909.35","SABD0001000008","AAV1.0.0.11","2.1.0.443","PSt7-10","170929-005","6/6/2018 9:09:52 AM","1443-01","0","no battery","V"
"07/06/2018","12:40:04","10","default","196169367","O10","3.244","min","170.557","μmol/L","Humid","19.817","deg","120154","µV","34.232","°C","1011.000","hPa","39.0","pmil","0","55.560","deg","20.000","°C","100.000","%a.s.","22.010","deg","20.000","°C","978.000","hPa","0.861","-0.02617","0.00035","0","0","13.56","Humid","62.83","1","54.00","229898.24","SABD0001000008","AAV1.0.0.11","2.1.0.443","PSt7-10","170929-005","6/6/2018 9:09:52 AM","1443-01","0","no battery","V"
"07/06/2018","12:40:05","10","default","196169367","O10","3.262","min","170.634","μmol/L","Humid","19.812","deg","120166","µV","34.232","°C","1011.000","hPa","39.0","pmil","0","55.560","deg","20.000","°C","100.000","%a.s.","22.010","deg","20.000","°C","978.000","hPa","0.861","-0.02617","0.00035","0","0","13.56","Humid","62.83","1","54.00","229900.23","SABD0001000008","AAV1.0.0.11","2.1.0.443","PSt7-10","170929-005","6/6/2018 9:09:52 AM","1443-01","0","no battery","V"
"07/06/2018","12:40:06","10","default","196169367","O10","3.278","min","170.567","μmol/L","Humid","19.817","deg","120163","µV","34.230","°C","1011.000","hPa","39.0","pmil","0","55.560","deg","20.000","°C","100.000","%a.s.","22.010","deg","20.000","°C","978.000","hPa","0.861","-0.02617","0.00035","0","0","13.56","Humid","62.83","1","54.00","229902.54","SABD0001000008","AAV1.0.0.11","2.1.0.443","PSt7-10","170929-005","6/6/2018 9:09:52 AM","1443-01","0","no battery","V"
"07/06/2018","12:40:07","10","default","196169367","O10","3.295","min","170.541","μmol/L","Humid","19.818","deg","120182","µV","34.232","°C","1011.000","hPa","39.0","pmil","0","55.560","deg","20.000","°C","100.000","%a.s.","22.010","deg","20.000","°C","978.000","hPa","0.861","-0.02617","0.00035","0","0","13.56","Humid","62.83","1","54.00","229903.44","SABD0001000008","AAV1.0.0.11","2.1.0.443","PSt7-10","170929-005","6/6/2018 9:09:52 AM","1443-01","0","no battery","V"
"07/06/2018","12:40:08","10","default","196169367","O10","3.311","min","170.624","μmol/L","Humid","19.815","deg","120176","µV","34.226","°C","1011.000","hPa","39.0","pmil","0","55.560","deg","20.000","°C","100.000","%a.s.","22.010","deg","20.000","°C","978.000","hPa","0.861","-0.02617","0.00035","0","0","13.56","Humid","62.83","1","54.00","229897.17","SABD0001000008","AAV1.0.0.11","2.1.0.443","PSt7-10","170929-005","6/6/2018 9:09:52 AM","1443-01","0","no battery","V"
"07/06/2018","12:40:09","10","default","196169367","O10","3.328","min","170.490","μmol/L","Humid","19.819","deg","120180","µV","34.238","°C","1011.000","hPa","39.0","pmil","0","55.560","deg","20.000","°C","100.000","%a.s.","22.010","deg","20.000","°C","978.000","hPa","0.861","-0.02617","0.00035","0","0","13.56","Humid","62.83","1","54.00","229909.65","SABD0001000008","AAV1.0.0.11","2.1.0.443","PSt7-10","170929-005","6/6/2018 9:09:52 AM","1443-01","0","no battery","V"
"07/06/2018","12:40:10","10","default","196169367","O10","3.344","min","170.610","μmol/L","Humid","19.819","deg","120182","µV","34.218","°C","1011.000","hPa","39.0","pmil","0","55.560","deg","20.000","°C","100.000","%a.s.","22.010","deg","20.000","°C","978.000","hPa","0.861","-0.02617","0.00035","0","0","13.56","Humid","62.83","1","54.00","229901.04","SABD0001000008","AAV1.0.0.11","2.1.0.443","PSt7-10","170929-005","6/6/2018 9:09:52 AM","1443-01","0","no battery","V"
"07/06/2018","12:40:11","10","default","196169367","O10","3.361","min","170.631","μmol/L","Humid","19.819","deg","120189","µV","34.215","°C","1011.000","hPa","39.0","pmil","0","55.560","deg","20.000","°C","100.000","%a.s.","22.010","deg","20.000","°C","978.000","hPa","0.861","-0.02617","0.00035","0","0","13.56","Humid","62.83","1","54.00","229895.33","SABD0001000008","AAV1.0.0.11","2.1.0.443","PSt7-10","170929-005","6/6/2018 9:09:52 AM","1443-01","0","no battery","V"
"07/06/2018","12:40:12","10","default","196169367","O10","3.379","min","170.566","μmol/L","Humid","19.819","deg","120191","µV","34.225","°C","1011.000","hPa","39.0","pmil","0","55.560","deg","20.000","°C","100.000","%a.s.","22.010","deg","20.000","°C","978.000","hPa","0.861","-0.02617","0.00035","0","0","13.56","Humid","62.83","1","54.00","229908.04","SABD0001000008","AAV1.0.0.11","2.1.0.443","PSt7-10","170929-005","6/6/2018 9:09:52 AM","1443-01","0","no battery","V"
"07/06/2018","12:40:13","10","default","196169367","O10","3.396","min","170.635","μmol/L","Humid","19.818","deg","120196","µV","34.217","°C","1011.000","hPa","39.0","pmil","0","55.560","deg","20.000","°C","100.000","%a.s.","22.010","deg","20.000","°C","978.000","hPa","0.861","-0.02617","0.00035","0","0","13.56","Humid","62.83","1","54.00","229897.61","SABD0001000008","AAV1.0.0.11","2.1.0.443","PSt7-10","170929-005","6/6/2018 9:09:52 AM","1443-01","0","no battery","V"
"07/06/2018","12:40:14","10","default","196169367","O10","3.411","min","170.589","μmol/L","Humid","19.818","deg","120179","µV","34.224","°C","1011.000","hPa","39.0","pmil","0","55.560","deg","20.000","°C","100.000","%a.s.","22.010","deg","20.000","°C","978.000","hPa","0.861","-0.02617","0.00035","0","0","13.56","Humid","62.83","1","54.00","229902.50","SABD0001000008","AAV1.0.0.11","2.1.0.443","PSt7-10","170929-005","6/6/2018 9:09:52 AM","1443-01","0","no battery","V"
"07/06/2018","12:40:15","10","default","196169367","O10","3.428","min","170.693","μmol/L","Humid","19.821","deg","120186","µV","34.200","°C","1011.000","hPa","39.0","pmil","0","55.560","deg","20.000","°C","100.000","%a.s.","22.010","deg","20.000","°C","978.000","hPa","0.861","-0.02617","0.00035","0","0","13.56","Humid","62.83","1","54.00","229906.36","SABD0001000008","AAV1.0.0.11","2.1.0.443","PSt7-10","170929-005","6/6/2018 9:09:52 AM","1443-01","0","no battery","V"
"07/06/2018","12:40:16","10","default","196169367","O10","3.445","min","170.646","μmol/L","Humid","19.818","deg","120193","µV","34.215","°C","1011.000","hPa","39.0","pmil","0","55.560","deg","20.000","°C","100.000","%a.s.","22.010","deg","20.000","°C","978.000","hPa","0.861","-0.02617","0.00035","0","0","13.56","Humid","62.83","1","54.00","229901.10","SABD0001000008","AAV1.0.0.11","2.1.0.443","PSt7-10","170929-005","6/6/2018 9:09:52 AM","1443-01","0","no battery","V"
"07/06/2018","12:40:17","10","default","196169367","O10","3.461","min","170.641","μmol/L","Humid","19.821","deg","120194","µV","34.208","°C","1011.000","hPa","39.0","pmil","0","55.560","deg","20.000","°C","100.000","%a.s.","22.010","deg","20.000","°C","978.000","hPa","0.861","-0.02617","0.00035","0","0","13.56","Humid","62.83","1","54.00","229901.89","SABD0001000008","AAV1.0.0.11","2.1.0.443","PSt7-10","170929-005","6/6/2018 9:09:52 AM","1443-01","0","no battery","V"
"07/06/2018","12:40:18","10","default","196169367","O10","3.478","min","170.670","μmol/L","Humid","19.817","deg","120207","µV","34.214","°C","1011.000","hPa","39.0","pmil","0","55.560","deg","20.000","°C","100.000","%a.s.","22.010","deg","20.000","°C","978.000","hPa","0.861","-0.02617","0.00035","0","0","13.56","Humid","62.83","1","54.00","229903.20","SABD0001000008","AAV1.0.0.11","2.1.0.443","PSt7-10","170929-005","6/6/2018 9:09:52 AM","1443-01","0","no battery","V"
"07/06/2018","12:40:19","10","default","196169367","O10","3.494","min","170.575","μmol/L","Humid","19.822","deg","120196","µV","34.216","°C","1011.000","hPa","39.0","pmil","0","55.560","deg","20.000","°C","100.000","%a.s.","22.010","deg","20.000","°C","978.000","hPa","0.861","-0.02617","0.00035","0","0","13.56","Humid","62.83","1","54.00","229894.37","SABD0001000008","AAV1.0.0.11","2.1.0.443","PSt7-10","170929-005","6/6/2018 9:09:52 AM","1443-01","0","no battery","V"
"07/06/2018","12:40:20","10","default","196169367","O10","3.511","min","170.570","μmol/L","Humid","19.823","deg","120205","µV","34.215","°C","1011.000","hPa","39.0","pmil","0","55.560","deg","20.000","°C","100.000","%a.s.","22.010","deg","20.000","°C","978.000","hPa","0.861","-0.02617","0.00035","0","0","13.56","Humid","62.83","1","54.00","229898.49","SABD0001000008","AAV1.0.0.11","2.1.0.443","PSt7-10","170929-005","6/6/2018 9:09:52 AM","1443-01","0","no battery","V"
"07/06/2018","12:40:21","10","default","196169367","O10","3.528","min","170.469","μmol/L","Humid","19.827","deg","120202","µV","34.221","°C","1011.000","hPa","39.0","pmil","0","55.560","deg","20.000","°C","100.000","%a.s.","22.010","deg","20.000","°C","978.000","hPa","0.861","-0.02617","0.00035","0","0","13.56","Humid","62.83","1","54.00","229893.73","SABD0001000008","AAV1.0.0.11","2.1.0.443","PSt7-10","170929-005","6/6/2018 9:09:52 AM","1443-01","0","no battery","V"
"07/06/2018","12:40:22","10","default","196169367","O10","3.544","min","170.458","μmol/L","Humid","19.825","deg","120196","µV","34.228","°C","1011.000","hPa","39.0","pmil","0","55.560","deg","20.000","°C","100.000","%a.s.","22.010","deg","20.000","°C","978.000","hPa","0.861","-0.02617","0.00035","0","0","13.56","Humid","62.83","1","54.00","229888.88","SABD0001000008","AAV1.0.0.11","2.1.0.443","PSt7-10","170929-005","6/6/2018 9:09:52 AM","1443-01","0","no battery","V"
"07/06/2018","12:40:23","10","default","196169367","O10","3.561","min","170.450","μmol/L","Humid","19.825","deg","120200","µV","34.229","°C","1011.000","hPa","39.0","pmil","0","55.560","deg","20.000","°C","100.000","%a.s.","22.010","deg","20.000","°C","978.000","hPa","0.861","-0.02617","0.00035","0","0","13.56","Humid","62.83","1","54.00","229900.96","SABD0001000008","AAV1.0.0.11","2.1.0.443","PSt7-10","170929-005","6/6/2018 9:09:52 AM","1443-01","0","no battery","V"
"07/06/2018","12:40:24","10","default","196169367","O10","3.578","min","170.483","μmol/L","Humid","19.824","deg","120198","µV","34.226","°C","1011.000","hPa","39.0","pmil","0","55.560","deg","20.000","°C","100.000","%a.s.","22.010","deg","20.000","°C","978.000","hPa","0.861","-0.02617","0.00035","0","0","13.56","Humid","62.83","1","54.00","229889.99","SABD0001000008","AAV1.0.0.11","2.1.0.443","PSt7-10","170929-005","6/6/2018 9:09:52 AM","1443-01","0","no battery","V"
"07/06/2018","12:40:25","10","default","196169367","O10","3.594","min","170.459","μmol/L","Humid","19.823","deg","120216","µV","34.233","°C","1011.000","hPa","39.0","pmil","0","55.560","deg","20.000","°C","100.000","%a.s.","22.010","deg","20.000","°C","978.000","hPa","0.861","-0.02617","0.00035","0","0","13.56","Humid","62.83","1","54.00","229891.21","SABD0001000008","AAV1.0.0.11","2.1.0.443","PSt7-10","170929-005","6/6/2018 9:09:52 AM","1443-01","0","no battery","V"
"07/06/2018","12:40:26","10","default","196169367","O10","3.611","min","170.417","μmol/L","Humid","19.827","deg","120214","µV","34.229","°C","1011.000","hPa","39.0","pmil","0","55.560","deg","20.000","°C","100.000","%a.s.","22.010","deg","20.000","°C","978.000","hPa","0.861","-0.02617","0.00035","0","0","13.56","Humid","62.83","1","54.00","229883.84","SABD0001000008","AAV1.0.0.11","2.1.0.443","PSt7-10","170929-005","6/6/2018 9:09:52 AM","1443-01","0","no battery","V"
"07/06/2018","12:40:27","10","default","196169367","O10","3.628","min","170.432","μmol/L","Humid","19.830","deg","120219","µV","34.219","°C","1011.000","hPa","39.0","pmil","0","55.560","deg","20.000","°C","100.000","%a.s.","22.010","deg","20.000","°C","978.000","hPa","0.861","-0.02617","0.00035","0","0","13.56","Humid","62.83","1","54.00","229891.40","SABD0001000008","AAV1.0.0.11","2.1.0.443","PSt7-10","170929-005","6/6/2018 9:09:52 AM","1443-01","0","no battery","V"
"07/06/2018","12:40:28","10","default","196169367","O10","3.644","min","170.482","μmol/L","Humid","19.827","deg","120208","µV","34.219","°C","1011.000","hPa","39.0","pmil","0","55.560","deg","20.000","°C","100.000","%a.s.","22.010","deg","20.000","°C","978.000","hPa","0.861","-0.02617","0.00035","0","0","13.56","Humid","62.83","1","54.00","229886.68","SABD0001000008","AAV1.0.0.11","2.1.0.443","PSt7-10","170929-005","6/6/2018 9:09:52 AM","1443-01","0","no battery","V"
"07/06/2018","12:40:29","10","default","196169367","O10","3.661","min","170.525","μmol/L","Humid","19.823","deg","120225","µV","34.222","°C","1011.000","hPa","39.0","pmil","0","55.560","deg","20.000","°C","100.000","%a.s.","22.010","deg","20.000","°C","978.000","hPa","0.861","-0.02617","0.00035","0","0","13.56","Humid","62.83","1","54.00","229886.94","SABD0001000008","AAV1.0.0.11","2.1.0.443","PSt7-10","170929-005","6/6/2018 9:09:52 AM","1443-01","0","no battery","V"
"07/06/2018","12:40:30","10","default","196169367","O10","3.678","min","170.401","μmol/L","Humid","19.831","deg","120214","µV","34.222","°C","1011.000","hPa","39.0","pmil","0","55.560","deg","20.000","°C","100.000","%a.s.","22.010","deg","20.000","°C","978.000","hPa","0.861","-0.02617","0.00035","0","0","13.56","Humid","62.83","1","54.00","229888.43","SABD0001000008","AAV1.0.0.11","2.1.0.443","PSt7-10","170929-005","6/6/2018 9:09:52 AM","1443-01","0","no battery","V"
"07/06/2018","12:40:32","10","default","196169367","O10","3.709","min","170.410","μmol/L","Humid","19.833","deg","120256","µV","34.215","°C","1011.000","hPa","39.0","pmil","0","55.560","deg","20.000","°C","100.000","%a.s.","22.010","deg","20.000","°C","978.000","hPa","0.861","-0.02617","0.00035","0","0","13.56","Humid","62.83","1","54.00","229921.85","SABD0001000008","AAV1.0.0.11","2.1.0.443","PSt7-10","170929-005","6/6/2018 9:09:52 AM","1443-01","0","no battery","V"
"07/06/2018","12:40:32","10","default","196169367","O10","3.711","min","170.520","μmol/L","Humid","19.826","deg","120200","µV","34.215","°C","1011.000","hPa","39.0","pmil","0","55.560","deg","20.000","°C","100.000","%a.s.","22.010","deg","20.000","°C","978.000","hPa","0.861","-0.02617","0.00035","0","0","13.56","Humid","62.83","1","54.00","229862.97","SABD0001000008","AAV1.0.0.11","2.1.0.443","PSt7-10","170929-005","6/6/2018 9:09:52 AM","1443-01","0","no battery","V"
"07/06/2018","12:40:33","10","default","196169367","O10","3.728","min","170.411","μmol/L","Humid","19.831","deg","120207","µV","34.220","°C","1011.000","hPa","39.0","pmil","0","55.560","deg","20.000","°C","100.000","%a.s.","22.010","deg","20.000","°C","978.000","hPa","0.861","-0.02617","0.00035","0","0","13.56","Humid","62.83","1","54.00","229882.98","SABD0001000008","AAV1.0.0.11","2.1.0.443","PSt7-10","170929-005","6/6/2018 9:09:52 AM","1443-01","0","no battery","V"
"07/06/2018","12:40:34","10","default","196169367","O10","3.744","min","170.404","μmol/L","Humid","19.829","deg","120216","µV","34.226","°C","1011.000","hPa","39.0","pmil","0","55.560","deg","20.000","°C","100.000","%a.s.","22.010","deg","20.000","°C","978.000","hPa","0.861","-0.02617","0.00035","0","0","13.56","Humid","62.83","1","54.00","229878.20","SABD0001000008","AAV1.0.0.11","2.1.0.443","PSt7-10","170929-005","6/6/2018 9:09:52 AM","1443-01","0","no battery","V"
"07/06/2018","12:40:35","10","default","196169367","O10","3.761","min","170.411","μmol/L","Humid","19.830","deg","120223","µV","34.223","°C","1011.000","hPa","39.0","pmil","0","55.560","deg","20.000","°C","100.000","%a.s.","22.010","deg","20.000","°C","978.000","hPa","0.861","-0.02617","0.00035","0","0","13.56","Humid","62.83","1","54.00","229886.41","SABD0001000008","AAV1.0.0.11","2.1.0.443","PSt7-10","170929-005","6/6/2018 9:09:52 AM","1443-01","0","no battery","V"
"07/06/2018","12:40:36","10","default","196169367","O10","3.778","min","170.363","μmol/L","Humid","19.833","deg","120231","µV","34.223","°C","1011.000","hPa","39.0","pmil","0","55.560","deg","20.000","°C","100.000","%a.s.","22.010","deg","20.000","°C","978.000","hPa","0.861","-0.02617","0.00035","0","0","13.56","Humid","62.83","1","54.00","229881.42","SABD0001000008","AAV1.0.0.11","2.1.0.443","PSt7-10","170929-005","6/6/2018 9:09:52 AM","1443-01","0","no battery","V"
"07/06/2018","12:40:37","10","default","196169367","O10","3.794","min","170.383","μmol/L","Humid","19.832","deg","120239","µV","34.222","°C","1011.000","hPa","39.0","pmil","0","55.560","deg","20.000","°C","100.000","%a.s.","22.010","deg","20.000","°C","978.000","hPa","0.861","-0.02617","0.00035","0","0","13.56","Humid","62.83","1","54.00","229884.15","SABD0001000008","AAV1.0.0.11","2.1.0.443","PSt7-10","170929-005","6/6/2018 9:09:52 AM","1443-01","0","no battery","V"
"07/06/2018","12:40:38","10","default","196169367","O10","3.811","min","170.341","μmol/L","Humid","19.831","deg","120239","µV","34.232","°C","1011.000","hPa","39.0","pmil","0","55.560","deg","20.000","°C","100.000","%a.s.","22.010","deg","20.000","°C","978.000","hPa","0.861","-0.02617","0.00035","0","0","13.56","Humid","62.83","1","54.00","229880.04","SABD0001000008","AAV1.0.0.11","2.1.0.443","PSt7-10","170929-005","6/6/2018 9:09:52 AM","1443-01","0","no battery","V"
"07/06/2018","12:40:39","10","default","196169367","O10","3.827","min","170.316","μmol/L","Humid","19.834","deg","120242","µV","34.228","°C","1011.000","hPa","39.0","pmil","0","55.560","deg","20.000","°C","100.000","%a.s.","22.010","deg","20.000","°C","978.000","hPa","0.861","-0.02617","0.00035","0","0","13.56","Humid","62.83","1","54.00","229875.14","SABD0001000008","AAV1.0.0.11","2.1.0.443","PSt7-10","170929-005","6/6/2018 9:09:52 AM","1443-01","0","no battery","V"
"07/06/2018","12:40:40","10","default","196169367","O10","3.845","min","170.393","μmol/L","Humid","19.833","deg","120241","µV","34.218","°C","1011.000","hPa","39.0","pmil","0","55.560","deg","20.000","°C","100.000","%a.s.","22.010","deg","20.000","°C","978.000","hPa","0.861","-0.02617","0.00035","0","0","13.56","Humid","62.83","1","54.00","229873.81","SABD0001000008","AAV1.0.0.11","2.1.0.443","PSt7-10","170929-005","6/6/2018 9:09:52 AM","1443-01","0","no battery","V"
"07/06/2018","12:40:41","10","default","196169367","O10","3.861","min","170.365","μmol/L","Humid","19.835","deg","120250","µV","34.217","°C","1011.000","hPa","39.0","pmil","0","55.560","deg","20.000","°C","100.000","%a.s.","22.010","deg","20.000","°C","978.000","hPa","0.861","-0.02617","0.00035","0","0","13.56","Humid","62.83","1","54.00","229877.49","SABD0001000008","AAV1.0.0.11","2.1.0.443","PSt7-10","170929-005","6/6/2018 9:09:52 AM","1443-01","0","no battery","V"
"07/06/2018","12:40:42","10","default","196169367","O10","3.878","min","170.316","μmol/L","Humid","19.835","deg","120256","µV","34.225","°C","1011.000","hPa","39.0","pmil","0","55.560","deg","20.000","°C","100.000","%a.s.","22.010","deg","20.000","°C","978.000","hPa","0.861","-0.02617","0.00035","0","0","13.56","Humid","62.83","1","54.00","229877.82","SABD0001000008","AAV1.0.0.11","2.1.0.443","PSt7-10","170929-005","6/6/2018 9:09:52 AM","1443-01","0","no battery","V"
"07/06/2018","12:40:43","10","default","196169367","O10","3.895","min","170.360","μmol/L","Humid","19.832","deg","120244","µV","34.226","°C","1011.000","hPa","39.0","pmil","0","55.560","deg","20.000","°C","100.000","%a.s.","22.010","deg","20.000","°C","978.000","hPa","0.861","-0.02617","0.00035","0","0","13.56","Humid","62.83","1","54.00","229880.59","SABD0001000008","AAV1.0.0.11","2.1.0.443","PSt7-10","170929-005","6/6/2018 9:09:52 AM","1443-01","0","no battery","V"
"07/06/2018","12:40:44","10","default","196169367","O10","3.911","min","170.296","μmol/L","Humid","19.835","deg","120261","µV","34.229","°C","1011.000","hPa","39.0","pmil","0","55.560","deg","20.000","°C","100.000","%a.s.","22.010","deg","20.000","°C","978.000","hPa","0.861","-0.02617","0.00035","0","0","13.56","Humid","62.83","1","54.00","229873.67","SABD0001000008","AAV1.0.0.11","2.1.0.443","PSt7-10","170929-005","6/6/2018 9:09:52 AM","1443-01","0","no battery","V"
"07/06/2018","12:40:45","10","default","196169367","O10","3.928","min","170.243","μmol/L","Humid","19.836","deg","120264","µV","34.235","°C","1011.000","hPa","39.0","pmil","0","55.560","deg","20.000","°C","100.000","%a.s.","22.010","deg","20.000","°C","978.000","hPa","0.861","-0.02617","0.00035","0","0","13.56","Humid","62.83","1","54.00","229863.78","SABD0001000008","AAV1.0.0.11","2.1.0.443","PSt7-10","170929-005","6/6/2018 9:09:52 AM","1443-01","0","no battery","V"
"07/06/2018","12:40:46","10","default","196169367","O10","3.945","min","170.234","μmol/L","Humid","19.839","deg","120258","µV","34.229","°C","1011.000","hPa","39.0","pmil","0","55.560","deg","20.000","°C","100.000","%a.s.","22.010","deg","20.000","°C","978.000","hPa","0.861","-0.02617","0.00035","0","0","13.56","Humid","62.83","1","54.00","229865.25","SABD0001000008","AAV1.0.0.11","2.1.0.443","PSt7-10","170929-005","6/6/2018 9:09:52 AM","1443-01","0","no battery","V"
"07/06/2018","12:40:47","10","default","196169367","O10","3.961","min","170.262","μmol/L","Humid","19.837","deg","120263","µV","34.229","°C","1011.000","hPa","39.0","pmil","0","55.560","deg","20.000","°C","100.000","%a.s.","22.010","deg","20.000","°C","978.000","hPa","0.861","-0.02617","0.00035","0","0","13.56","Humid","62.83","1","54.00","229881.32","SABD0001000008","AAV1.0.0.11","2.1.0.443","PSt7-10","170929-005","6/6/2018 9:09:52 AM","1443-01","0","no battery","V"
"07/06/2018","12:40:48","10","default","196169367","O10","3.978","min","170.308","μmol/L","Humid","19.836","deg","120267","µV","34.224","°C","1011.000","hPa","39.0","pmil","0","55.560","deg","20.000","°C","100.000","%a.s.","22.010","deg","20.000","°C","978.000","hPa","0.861","-0.02617","0.00035","0","0","13.56","Humid","62.83","1","54.00","229873.92","SABD0001000008","AAV1.0.0.11","2.1.0.443","PSt7-10","170929-005","6/6/2018 9:09:52 AM","1443-01","0","no battery","V"
"07/06/2018","12:40:49","10","default","196169367","O10","3.994","min","170.292","μmol/L","Humid","19.837","deg","120261","µV","34.224","°C","1011.000","hPa","39.0","pmil","0","55.560","deg","20.000","°C","100.000","%a.s.","22.010","deg","20.000","°C","978.000","hPa","0.861","-0.02617","0.00035","0","0","13.56","Humid","62.83","1","54.00","229862.33","SABD0001000008","AAV1.0.0.11","2.1.0.443","PSt7-10","170929-005","6/6/2018 9:09:52 AM","1443-01","0","no battery","V"
"07/06/2018","12:40:50","10","default","196169367","O10","4.011","min","170.281","μmol/L","Humid","19.840","deg","120274","µV","34.218","°C","1011.000","hPa","39.0","pmil","0","55.560","deg","20.000","°C","100.000","%a.s.","22.010","deg","20.000","°C","978.000","hPa","0.861","-0.02617","0.00035","0","0","13.56","Humid","62.83","1","54.00","229877.10","SABD0001000008","AAV1.0.0.11","2.1.0.443","PSt7-10","170929-005","6/6/2018 9:09:52 AM","1443-01","0","no battery","V"
"07/06/2018","12:40:51","10","default","196169367","O10","4.027","min","170.336","μmol/L","Humid","19.839","deg","120276","µV","34.212","°C","1011.000","hPa","39.0","pmil","0","55.560","deg","20.000","°C","100.000","%a.s.","22.010","deg","20.000","°C","978.000","hPa","0.861","-0.02617","0.00035","0","0","13.56","Humid","62.83","1","54.00","229864.43","SABD0001000008","AAV1.0.0.11","2.1.0.443","PSt7-10","170929-005","6/6/2018 9:09:52 AM","1443-01","0","no battery","V"
"07/06/2018","12:40:52","10","default","196169367","O10","4.044","min","170.216","μmol/L","Humid","19.840","deg","120283","µV","34.229","°C","1011.000","hPa","39.0","pmil","0","55.560","deg","20.000","°C","100.000","%a.s.","22.010","deg","20.000","°C","978.000","hPa","0.861","-0.02617","0.00035","0","0","13.56","Humid","62.83","1","54.00","229875.75","SABD0001000008","AAV1.0.0.11","2.1.0.443","PSt7-10","170929-005","6/6/2018 9:09:52 AM","1443-01","0","no battery","V"
"07/06/2018","12:40:53","10","default","196169367","O10","4.061","min","170.292","μmol/L","Humid","19.839","deg","120271","µV","34.219","°C","1011.000","hPa","39.0","pmil","0","55.560","deg","20.000","°C","100.000","%a.s.","22.010","deg","20.000","°C","978.000","hPa","0.861","-0.02617","0.00035","0","0","13.56","Humid","62.83","1","54.00","229871.86","SABD0001000008","AAV1.0.0.11","2.1.0.443","PSt7-10","170929-005","6/6/2018 9:09:52 AM","1443-01","0","no battery","V"
"07/06/2018","12:40:54","10","default","196169367","O10","4.078","min","170.276","μmol/L","Humid","19.838","deg","120280","µV","34.224","°C","1011.000","hPa","39.0","pmil","0","55.560","deg","20.000","°C","100.000","%a.s.","22.010","deg","20.000","°C","978.000","hPa","0.861","-0.02617","0.00035","0","0","13.56","Humid","62.83","1","54.00","229863.09","SABD0001000008","AAV1.0.0.11","2.1.0.443","PSt7-10","170929-005","6/6/2018 9:09:52 AM","1443-01","0","no battery","V"
"07/06/2018","12:40:55","10","default","196169367","O10","4.094","min","170.345","μmol/L","Humid","19.840","deg","120281","µV","34.208","°C","1011.000","hPa","39.0","pmil","0","55.560","deg","20.000","°C","100.000","%a.s.","22.010","deg","20.000","°C","978.000","hPa","0.861","-0.02617","0.00035","0","0","13.56","Humid","62.83","1","54.00","229869.44","SABD0001000008","AAV1.0.0.11","2.1.0.443","PSt7-10","170929-005","6/6/2018 9:09:52 AM","1443-01","0","no battery","V"
"07/06/2018","12:40:56","10","default","196169367","O10","4.111","min","170.388","μmol/L","Humid","19.839","deg","120292","µV","34.203","°C","1011.000","hPa","39.0","pmil","0","55.560","deg","20.000","°C","100.000","%a.s.","22.010","deg","20.000","°C","978.000","hPa","0.861","-0.02617","0.00035","0","0","13.56","Humid","62.83","1","54.00","229872.09","SABD0001000008","AAV1.0.0.11","2.1.0.443","PSt7-10","170929-005","6/6/2018 9:09:52 AM","1443-01","0","no battery","V"
"07/06/2018","12:40:57","10","default","196169367","O10","4.128","min","170.134","μmol/L","Humid","19.842","deg","120279","µV","34.237","°C","1011.000","hPa","39.0","pmil","0","55.560","deg","20.000","°C","100.000","%a.s.","22.010","deg","20.000","°C","978.000","hPa","0.861","-0.02617","0.00035","0","0","13.56","Humid","62.83","1","54.00","229865.47","SABD0001000008","AAV1.0.0.11","2.1.0.443","PSt7-10","170929-005","6/6/2018 9:09:52 AM","1443-01","0","no battery","V"
"07/06/2018","12:40:58","10","default","196169367","O10","4.145","min","170.300","μmol/L","Humid","19.843","deg","120291","µV","34.208","°C","1011.000","hPa","39.0","pmil","0","55.560","deg","20.000","°C","100.000","%a.s.","22.010","deg","20.000","°C","978.000","hPa","0.861","-0.02617","0.00035","0","0","13.56","Humid","62.83","1","54.00","229872.51","SABD0001000008","AAV1.0.0.11","2.1.0.443","PSt7-10","170929-005","6/6/2018 9:09:52 AM","1443-01","0","no battery","V"
"07/06/2018","12:40:59","10","default","196169367","O10","4.161","min","170.336","μmol/L","Humid","19.838","deg","120294","µV","34.214","°C","1011.000","hPa","39.0","pmil","0","55.560","deg","20.000","°C","100.000","%a.s.","22.010","deg","20.000","°C","978.000","hPa","0.861","-0.02617","0.00035","0","0","13.56","Humid","62.83","1","54.00","229860.73","SABD0001000008","AAV1.0.0.11","2.1.0.443","PSt7-10","170929-005","6/6/2018 9:09:52 AM","1443-01","0","no battery","V"
"07/06/2018","12:41:00","10","default","196169367","O10","4.178","min","170.220","μmol/L","Humid","19.843","deg","120294","µV","34.221","°C","1011.000","hPa","39.0","pmil","0","55.560","deg","20.000","°C","100.000","%a.s.","22.010","deg","20.000","°C","978.000","hPa","0.861","-0.02617","0.00035","0","0","13.56","Humid","62.83","1","54.00","229859.90","SABD0001000008","AAV1.0.0.11","2.1.0.443","PSt7-10","170929-005","6/6/2018 9:09:52 AM","1443-01","0","no battery","V"
"07/06/2018","12:41:01","10","default","196169367","O10","4.195","min","170.098","μmol/L","Humid","19.846","deg","120301","µV","34.233","°C","1011.000","hPa","39.0","pmil","0","55.560","deg","20.000","°C","100.000","%a.s.","22.010","deg","20.000","°C","978.000","hPa","0.861","-0.02617","0.00035","0","0","13.56","Humid","62.83","1","54.00","229868.13","SABD0001000008","AAV1.0.0.11","2.1.0.443","PSt7-10","170929-005","6/6/2018 9:09:52 AM","1443-01","0","no battery","V"
"07/06/2018","12:41:02","10","default","196169367","O10","4.211","min","170.167","μmol/L","Humid","19.843","deg","120304","µV","34.229","°C","1011.000","hPa","39.0","pmil","0","55.560","deg","20.000","°C","100.000","%a.s.","22.010","deg","20.000","°C","978.000","hPa","0.861","-0.02617","0.00035","0","0","13.56","Humid","62.83","1","54.00","229859.96","SABD0001000008","AAV1.0.0.11","2.1.0.443","PSt7-10","170929-005","6/6/2018 9:09:52 AM","1443-01","0","no battery","V"
"07/06/2018","12:41:03","10","default","196169367","O10","4.228","min","170.183","μmol/L","Humid","19.845","deg","120302","µV","34.222","°C","1011.000","hPa","39.0","pmil","0","55.560","deg","20.000","°C","100.000","%a.s.","22.010","deg","20.000","°C","978.000","hPa","0.861","-0.02617","0.00035","0","0","13.56","Humid","62.83","1","54.00","229863.39","SABD0001000008","AAV1.0.0.11","2.1.0.443","PSt7-10","170929-005","6/6/2018 9:09:52 AM","1443-01","0","no battery","V"
"07/06/2018","12:41:04","10","default","196169367","O10","4.244","min","170.160","μmol/L","Humid","19.846","deg","120312","µV","34.223","°C","1011.000","hPa","39.0","pmil","0","55.560","deg","20.000","°C","100.000","%a.s.","22.010","deg","20.000","°C","978.000","hPa","0.861","-0.02617","0.00035","0","0","13.56","Humid","62.83","1","54.00","229869.49","SABD0001000008","AAV1.0.0.11","2.1.0.443","PSt7-10","170929-005","6/6/2018 9:09:52 AM","1443-01","0","no battery","V"
"07/06/2018","12:41:05","10","default","196169367","O10","4.261","min","170.118","μmol/L","Humid","19.848","deg","120308","µV","34.225","°C","1011.000","hPa","39.0","pmil","0","55.560","deg","20.000","°C","100.000","%a.s.","22.010","deg","20.000","°C","978.000","hPa","0.861","-0.02617","0.00035","0","0","13.56","Humid","62.83","1","54.00","229857.39","SABD0001000008","AAV1.0.0.11","2.1.0.443","PSt7-10","170929-005","6/6/2018 9:09:52 AM","1443-01","0","no battery","V"
"07/06/2018","12:41:06","10","default","196169367","O10","4.278","min","170.133","μmol/L","Humid","19.848","deg","120303","µV","34.222","°C","1011.000","hPa","39.0","pmil","0","55.560","deg","20.000","°C","100.000","%a.s.","22.010","deg","20.000","°C","978.000","hPa","0.861","-0.02617","0.00035","0","0","13.56","Humid","62.83","1","54.00","229863.07","SABD0001000008","AAV1.0.0.11","2.1.0.443","PSt7-10","170929-005","6/6/2018 9:09:52 AM","1443-01","0","no battery","V"
"07/06/2018","12:41:07","10","default","196169367","O10","4.294","min","170.157","μmol/L","Humid","19.847","deg","120309","µV","34.221","°C","1011.000","hPa","39.0","pmil","0","55.560","deg","20.000","°C","100.000","%a.s.","22.010","deg","20.000","°C","978.000","hPa","0.861","-0.02617","0.00035","0","0","13.56","Humid","62.83","1","54.00","229855.44","SABD0001000008","AAV1.0.0.11","2.1.0.443","PSt7-10","170929-005","6/6/2018 9:09:52 AM","1443-01","0","no battery","V"
"07/06/2018","12:41:08","10","default","196169367","O10","4.311","min","170.197","μmol/L","Humid","19.847","deg","120317","µV","34.214","°C","1011.000","hPa","39.0","pmil","0","55.560","deg","20.000","°C","100.000","%a.s.","22.010","deg","20.000","°C","978.000","hPa","0.861","-0.02617","0.00035","0","0","13.56","Humid","62.83","1","54.00","229853.98","SABD0001000008","AAV1.0.0.11","2.1.0.443","PSt7-10","170929-005","6/6/2018 9:09:52 AM","1443-01","0","no battery","V"
"07/06/2018","12:41:09","10","default","196169367","O10","4.328","min","170.130","μmol/L","Humid","19.847","deg","120318","µV","34.225","°C","1011.000","hPa","39.0","pmil","0","55.560","deg","20.000","°C","100.000","%a.s.","22.010","deg","20.000","°C","978.000","hPa","0.861","-0.02617","0.00035","0","0","13.56","Humid","62.83","1","54.00","229861.67","SABD0001000008","AAV1.0.0.11","2.1.0.443","PSt7-10","170929-005","6/6/2018 9:09:52 AM","1443-01","0","no battery","V"
"07/06/2018","12:41:10","10","default","196169367","O10","4.345","min","170.071","μmol/L","Humid","19.850","deg","120314","µV","34.227","°C","1011.000","hPa","39.0","pmil","0","55.560","deg","20.000","°C","100.000","%a.s.","22.010","deg","20.000","°C","978.000","hPa","0.861","-0.02617","0.00035","0","0","13.56","Humid","62.83","1","54.00","229856.06","SABD0001000008","AAV1.0.0.11","2.1.0.443","PSt7-10","170929-005","6/6/2018 9:09:52 AM","1443-01","0","no battery","V"
"07/06/2018","12:41:11","10","default","196169367","O10","4.361","min","170.048","μmol/L","Humid","19.849","deg","120316","µV","34.233","°C","1011.000","hPa","39.0","pmil","0","55.560","deg","20.000","°C","100.000","%a.s.","22.010","deg","20.000","°C","978.000","hPa","0.861","-0.02617","0.00035","0","0","13.56","Humid","62.83","1","54.00","229848.02","SABD0001000008","AAV1.0.0.11","2.1.0.443","PSt7-10","170929-005","6/6/2018 9:09:52 AM","1443-01","0","no battery","V"
"07/06/2018","12:41:12","10","default","196169367","O10","4.377","min","170.121","μmol/L","Humid","19.847","deg","120326","µV","34.227","°C","1011.000","hPa","39.0","pmil","0","55.560","deg","20.000","°C","100.000","%a.s.","22.010","deg","20.000","°C","978.000","hPa","0.861","-0.02617","0.00035","0","0","13.56","Humid","62.83","1","54.00","229861.67","SABD0001000008","AAV1.0.0.11","2.1.0.443","PSt7-10","170929-005","6/6/2018 9:09:52 AM","1443-01","0","no battery","V"
"07/06/2018","12:41:13","10","default","196169367","O10","4.394","min","170.116","μmol/L","Humid","19.846","deg","120325","µV","34.230","°C","1011.000","hPa","39.0","pmil","0","55.560","deg","20.000","°C","100.000","%a.s.","22.010","deg","20.000","°C","978.000","hPa","0.861","-0.02617","0.00035","0","0","13.56","Humid","62.83","1","54.00","229849.45","SABD0001000008","AAV1.0.0.11","2.1.0.443","PSt7-10","170929-005","6/6/2018 9:09:52 AM","1443-01","0","no battery","V"
"07/06/2018","12:41:14","10","default","196169367","O10","4.411","min","170.143","μmol/L","Humid","19.849","deg","120328","µV","34.218","°C","1011.000","hPa","39.0","pmil","0","55.560","deg","20.000","°C","100.000","%a.s.","22.010","deg","20.000","°C","978.000","hPa","0.861","-0.02617","0.00035","0","0","13.56","Humid","62.83","1","54.00","229858.08","SABD0001000008","AAV1.0.0.11","2.1.0.443","PSt7-10","170929-005","6/6/2018 9:09:52 AM","1443-01","0","no battery","V"
"07/06/2018","12:41:15","10","default","196169367","O10","4.428","min","170.086","μmol/L","Humid","19.853","deg","120334","µV","34.217","°C","1011.000","hPa","39.0","pmil","0","55.560","deg","20.000","°C","100.000","%a.s.","22.010","deg","20.000","°C","978.000","hPa","0.861","-0.02617","0.00035","0","0","13.56","Humid","62.83","1","54.00","229863.37","SABD0001000008","AAV1.0.0.11","2.1.0.443","PSt7-10","170929-005","6/6/2018 9:09:52 AM","1443-01","0","no battery","V"
"07/06/2018","12:41:16","10","default","196169367","O10","4.444","min","170.055","μmol/L","Humid","19.850","deg","120335","µV","34.230","°C","1011.000","hPa","39.0","pmil","0","55.560","deg","20.000","°C","100.000","%a.s.","22.010","deg","20.000","°C","978.000","hPa","0.861","-0.02617","0.00035","0","0","13.56","Humid","62.83","1","54.00","229855.40","SABD0001000008","AAV1.0.0.11","2.1.0.443","PSt7-10","170929-005","6/6/2018 9:09:52 AM","1443-01","0","no battery","V"
"07/06/2018","12:41:17","10","default","196169367","O10","4.461","min","170.094","μmol/L","Humid","19.851","deg","120338","µV","34.221","°C","1011.000","hPa","39.0","pmil","0","55.560","deg","20.000","°C","100.000","%a.s.","22.010","deg","20.000","°C","978.000","hPa","0.861","-0.02617","0.00035","0","0","13.56","Humid","62.83","1","54.00","229858.16","SABD0001000008","AAV1.0.0.11","2.1.0.443","PSt7-10","170929-005","6/6/2018 9:09:52 AM","1443-01","0","no battery","V"
"07/06/2018","12:41:18","10","default","196169367","O10","4.477","min","170.093","μmol/L","Humid","19.853","deg","120333","µV","34.216","°C","1011.000","hPa","39.0","pmil","0","55.560","deg","20.000","°C","100.000","%a.s.","22.010","deg","20.000","°C","978.000","hPa","0.861","-0.02617","0.00035","0","0","13.56","Humid","62.83","1","54.00","229854.97","SABD0001000008","AAV1.0.0.11","2.1.0.443","PSt7-10","170929-005","6/6/2018 9:09:52 AM","1443-01","0","no battery","V"
"07/06/2018","12:41:19","10","default","196169367","O10","4.494","min","170.108","μmol/L","Humid","19.852","deg","120338","µV","34.216","°C","1011.000","hPa","39.0","pmil","0","55.560","deg","20.000","°C","100.000","%a.s.","22.010","deg","20.000","°C","978.000","hPa","0.861","-0.02617","0.00035","0","0","13.56","Humid","62.83","1","54.00","229866.01","SABD0001000008","AAV1.0.0.11","2.1.0.443","PSt7-10","170929-005","6/6/2018 9:09:52 AM","1443-01","0","no battery","V"
"07/06/2018","12:41:20","10","default","196169367","O10","4.511","min","169.866","μmol/L","Humid","19.857","deg","120346","µV","34.243","°C","1011.000","hPa","39.0","pmil","0","55.560","deg","20.000","°C","100.000","%a.s.","22.010","deg","20.000","°C","978.000","hPa","0.861","-0.02617","0.00035","0","0","13.56","Humid","62.83","1","54.00","229856.50","SABD0001000008","AAV1.0.0.11","2.1.0.443","PSt7-10","170929-005","6/6/2018 9:09:52 AM","1443-01","0","no battery","V"
"07/06/2018","12:41:21","10","default","196169367","O10","4.528","min","170.000","μmol/L","Humid","19.855","deg","120352","µV","34.226","°C","1011.000","hPa","39.0","pmil","0","55.560","deg","20.000","°C","100.000","%a.s.","22.010","deg","20.000","°C","978.000","hPa","0.861","-0.02617","0.00035","0","0","13.56","Humid","62.83","1","54.00","229861.53","SABD0001000008","AAV1.0.0.11","2.1.0.443","PSt7-10","170929-005","6/6/2018 9:09:52 AM","1443-01","0","no battery","V"
"07/06/2018","12:41:22","10","default","196169367","O10","4.545","min","169.998","μmol/L","Humid","19.855","deg","120362","µV","34.226","°C","1011.000","hPa","39.0","pmil","0","55.560","deg","20.000","°C","100.000","%a.s.","22.010","deg","20.000","°C","978.000","hPa","0.861","-0.02617","0.00035","0","0","13.56","Humid","62.83","1","54.00","229852.84","SABD0001000008","AAV1.0.0.11","2.1.0.443","PSt7-10","170929-005","6/6/2018 9:09:52 AM","1443-01","0","no battery","V"
"07/06/2018","12:41:23","10","default","196169367","O10","4.561","min","169.981","μmol/L","Humid","19.855","deg","120366","µV","34.229","°C","1011.000","hPa","39.0","pmil","0","55.560","deg","20.000","°C","100.000","%a.s.","22.010","deg","20.000","°C","978.000","hPa","0.861","-0.02617","0.00035","0","0","13.56","Humid","62.83","1","54.00","229847.67","SABD0001000008","AAV1.0.0.11","2.1.0.443","PSt7-10","170929-005","6/6/2018 9:09:52 AM","1443-01","0","no battery","V"
"07/06/2018","12:41:24","10","default","196169367","O10","4.578","min","169.947","μmol/L","Humid","19.857","deg","120354","µV","34.230","°C","1011.000","hPa","39.0","pmil","0","55.560","deg","20.000","°C","100.000","%a.s.","22.010","deg","20.000","°C","978.000","hPa","0.861","-0.02617","0.00035","0","0","13.56","Humid","62.83","1","54.00","229854.69","SABD0001000008","AAV1.0.0.11","2.1.0.443","PSt7-10","170929-005","6/6/2018 9:09:52 AM","1443-01","0","no battery","V"
"07/06/2018","12:41:25","10","default","196169367","O10","4.594","min","169.992","μmol/L","Humid","19.856","deg","120361","µV","34.225","°C","1011.000","hPa","39.0","pmil","0","55.560","deg","20.000","°C","100.000","%a.s.","22.010","deg","20.000","°C","978.000","hPa","0.861","-0.02617","0.00035","0","0","13.56","Humid","62.83","1","54.00","229851.73","SABD0001000008","AAV1.0.0.11","2.1.0.443","PSt7-10","170929-005","6/6/2018 9:09:52 AM","1443-01","0","no battery","V"
"07/06/2018","12:41:26","10","default","196169367","O10","4.612","min","170.050","μmol/L","Humid","19.854","deg","120360","µV","34.220","°C","1011.000","hPa","39.0","pmil","0","55.560","deg","20.000","°C","100.000","%a.s.","22.010","deg","20.000","°C","978.000","hPa","0.861","-0.02617","0.00035","0","0","13.56","Humid","62.83","1","54.00","229859.90","SABD0001000008","AAV1.0.0.11","2.1.0.443","PSt7-10","170929-005","6/6/2018 9:09:52 AM","1443-01","0","no battery","V"
"07/06/2018","12:41:27","10","default","196169367","O10","4.627","min","169.958","μmol/L","Humid","19.858","deg","120363","µV","34.225","°C","1011.000","hPa","39.0","pmil","0","55.560","deg","20.000","°C","100.000","%a.s.","22.010","deg","20.000","°C","978.000","hPa","0.861","-0.02617","0.00035","0","0","13.56","Humid","62.83","1","54.00","229859.60","SABD0001000008","AAV1.0.0.11","2.1.0.443","PSt7-10","170929-005","6/6/2018 9:09:52 AM","1443-01","0","no battery","V"
"07/06/2018","12:41:28","10","default","196169367","O10","4.644","min","169.941","μmol/L","Humid","19.858","deg","120371","µV","34.228","°C","1011.000","hPa","39.0","pmil","0","55.560","deg","20.000","°C","100.000","%a.s.","22.010","deg","20.000","°C","978.000","hPa","0.861","-0.02617","0.00035","0","0","13.56","Humid","62.83","1","54.00","229848.12","SABD0001000008","AAV1.0.0.11","2.1.0.443","PSt7-10","170929-005","6/6/2018 9:09:52 AM","1443-01","0","no battery","V"
"07/06/2018","12:41:29","10","default","196169367","O10","4.661","min","169.954","μmol/L","Humid","19.857","deg","120373","µV","34.228","°C","1011.000","hPa","39.0","pmil","0","55.560","deg","20.000","°C","100.000","%a.s.","22.010","deg","20.000","°C","978.000","hPa","0.861","-0.02617","0.00035","0","0","13.56","Humid","62.83","1","54.00","229851.32","SABD0001000008","AAV1.0.0.11","2.1.0.443","PSt7-10","170929-005","6/6/2018 9:09:52 AM","1443-01","0","no battery","V"
"07/06/2018","12:41:30","10","default","196169367","O10","4.678","min","169.861","μmol/L","Humid","19.860","deg","120373","µV","34.236","°C","1011.000","hPa","39.0","pmil","0","55.560","deg","20.000","°C","100.000","%a.s.","22.010","deg","20.000","°C","978.000","hPa","0.861","-0.02617","0.00035","0","0","13.56","Humid","62.83","1","54.00","229846.42","SABD0001000008","AAV1.0.0.11","2.1.0.443","PSt7-10","170929-005","6/6/2018 9:09:52 AM","1443-01","0","no battery","V"
"07/06/2018","12:41:31","10","default","196169367","O10","4.694","min","170.028","μmol/L","Humid","19.859","deg","120376","µV","34.211","°C","1011.000","hPa","39.0","pmil","0","55.560","deg","20.000","°C","100.000","%a.s.","22.010","deg","20.000","°C","978.000","hPa","0.861","-0.02617","0.00035","0","0","13.56","Humid","62.83","1","54.00","229851.75","SABD0001000008","AAV1.0.0.11","2.1.0.443","PSt7-10","170929-005","6/6/2018 9:09:52 AM","1443-01","0","no battery","V"
"07/06/2018","12:41:32","10","default","196169367","O10","4.711","min","170.003","μmol/L","Humid","19.858","deg","120379","µV","34.218","°C","1011.000","hPa","39.0","pmil","0","55.560","deg","20.000","°C","100.000","%a.s.","22.010","deg","20.000","°C","978.000","hPa","0.861","-0.02617","0.00035","0","0","13.56","Humid","62.83","1","54.00","229844.14","SABD0001000008","AAV1.0.0.11","2.1.0.443","PSt7-10","170929-005","6/6/2018 9:09:52 AM","1443-01","0","no battery","V"
"07/06/2018","12:41:33","10","default","196169367","O10","4.727","min","169.933","μmol/L","Humid","19.861","deg","120387","µV","34.222","°C","1011.000","hPa","39.0","pmil","0","55.560","deg","20.000","°C","100.000","%a.s.","22.010","deg","20.000","°C","978.000","hPa","0.861","-0.02617","0.00035","0","0","13.56","Humid","62.83","1","54.00","229848.93","SABD0001000008","AAV1.0.0.11","2.1.0.443","PSt7-10","170929-005","6/6/2018 9:09:52 AM","1443-01","0","no battery","V"
"07/06/2018","12:41:34","10","default","196169367","O10","4.744","min","169.862","μmol/L","Humid","19.864","deg","120386","µV","34.226","°C","1011.000","hPa","39.0","pmil","0","55.560","deg","20.000","°C","100.000","%a.s.","22.010","deg","20.000","°C","978.000","hPa","0.861","-0.02617","0.00035","0","0","13.56","Humid","62.83","1","54.00","229843.49","SABD0001000008","AAV1.0.0.11","2.1.0.443","PSt7-10","170929-005","6/6/2018 9:09:52 AM","1443-01","0","no battery","V"
"07/06/2018","12:41:35","10","default","196169367","O10","4.761","min","169.979","μmol/L","Humid","19.858","deg","120385","µV","34.222","°C","1011.000","hPa","39.0","pmil","0","55.560","deg","20.000","°C","100.000","%a.s.","22.010","deg","20.000","°C","978.000","hPa","0.861","-0.02617","0.00035","0","0","13.56","Humid","62.83","1","54.00","229848.36","SABD0001000008","AAV1.0.0.11","2.1.0.443","PSt7-10","170929-005","6/6/2018 9:09:52 AM","1443-01","0","no battery","V"
"07/06/2018","12:41:36","10","default","196169367","O10","4.778","min","170.043","μmol/L","Humid","19.859","deg","120386","µV","34.209","°C","1011.000","hPa","39.0","pmil","0","55.560","deg","20.000","°C","100.000","%a.s.","22.010","deg","20.000","°C","978.000","hPa","0.861","-0.02617","0.00035","0","0","13.56","Humid","62.83","1","54.00","229846.57","SABD0001000008","AAV1.0.0.11","2.1.0.443","PSt7-10","170929-005","6/6/2018 9:09:52 AM","1443-01","0","no battery","V"
"07/06/2018","12:41:37","10","default","196169367","O10","4.795","min","169.795","μmol/L","Humid","19.870","deg","120390","µV","34.221","°C","1011.000","hPa","39.0","pmil","0","55.560","deg","20.000","°C","100.000","%a.s.","22.010","deg","20.000","°C","978.000","hPa","0.861","-0.02617","0.00035","0","0","13.56","Humid","62.83","1","54.00","229851.77","SABD0001000008","AAV1.0.0.11","2.1.0.443","PSt7-10","170929-005","6/6/2018 9:09:52 AM","1443-01","0","no battery","V"
"07/06/2018","12:41:38","10","default","196169367","O10","4.811","min","169.916","μmol/L","Humid","19.862","deg","120393","µV","34.222","°C","1011.000","hPa","39.0","pmil","0","55.560","deg","20.000","°C","100.000","%a.s.","22.010","deg","20.000","°C","978.000","hPa","0.861","-0.02617","0.00035","0","0","13.56","Humid","62.83","1","54.00","229849.75","SABD0001000008","AAV1.0.0.11","2.1.0.443","PSt7-10","170929-005","6/6/2018 9:09:52 AM","1443-01","0","no battery","V"
"07/06/2018","12:41:39","10","default","196169367","O10","4.828","min","169.784","μmol/L","Humid","19.862","deg","120399","µV","34.244","°C","1011.000","hPa","39.0","pmil","0","55.560","deg","20.000","°C","100.000","%a.s.","22.010","deg","20.000","°C","978.000","hPa","0.861","-0.02617","0.00035","0","0","13.56","Humid","62.83","1","54.00","229846.98","SABD0001000008","AAV1.0.0.11","2.1.0.443","PSt7-10","170929-005","6/6/2018 9:09:52 AM","1443-01","0","no battery","V"
"07/06/2018","12:41:40","10","default","196169367","O10","4.844","min","169.816","μmol/L","Humid","19.864","deg","120404","µV","34.233","°C","1011.000","hPa","39.0","pmil","0","55.560","deg","20.000","°C","100.000","%a.s.","22.010","deg","20.000","°C","978.000","hPa","0.861","-0.02617","0.00035","0","0","13.56","Humid","62.83","1","54.00","229849.54","SABD0001000008","AAV1.0.0.11","2.1.0.443","PSt7-10","170929-005","6/6/2018 9:09:52 AM","1443-01","0","no battery","V"
"07/06/2018","12:41:41","10","default","196169367","O10","4.861","min","169.810","μmol/L","Humid","19.864","deg","120402","µV","34.234","°C","1011.000","hPa","39.0","pmil","0","55.560","deg","20.000","°C","100.000","%a.s.","22.010","deg","20.000","°C","978.000","hPa","0.861","-0.02617","0.00035","0","0","13.56","Humid","62.83","1","54.00","229842.25","SABD0001000008","AAV1.0.0.11","2.1.0.443","PSt7-10","170929-005","6/6/2018 9:09:52 AM","1443-01","0","no battery","V"
"07/06/2018","12:41:42","10","default","196169367","O10","4.878","min","169.826","μmol/L","Humid","19.864","deg","120407","µV","34.232","°C","1011.000","hPa","39.0","pmil","0","55.560","deg","20.000","°C","100.000","%a.s.","22.010","deg","20.000","°C","978.000","hPa","0.861","-0.02617","0.00035","0","0","13.56","Humid","62.83","1","54.00","229846.10","SABD0001000008","AAV1.0.0.11","2.1.0.443","PSt7-10","170929-005","6/6/2018 9:09:52 AM","1443-01","0","no battery","V"
"07/06/2018","12:41:43","10","default","196169367","O10","4.894","min","169.782","μmol/L","Humid","19.867","deg","120410","µV","34.231","°C","1011.000","hPa","39.0","pmil","0","55.560","deg","20.000","°C","100.000","%a.s.","22.010","deg","20.000","°C","978.000","hPa","0.861","-0.02617","0.00035","0","0","13.56","Humid","62.83","1","54.00","229844.04","SABD0001000008","AAV1.0.0.11","2.1.0.443","PSt7-10","170929-005","6/6/2018 9:09:52 AM","1443-01","0","no battery","V"
"07/06/2018","12:41:44","10","default","196169367","O10","4.911","min","169.808","μmol/L","Humid","19.864","deg","120410","µV","34.235","°C","1011.000","hPa","39.0","pmil","0","55.560","deg","20.000","°C","100.000","%a.s.","22.010","deg","20.000","°C","978.000","hPa","0.861","-0.02617","0.00035","0","0","13.56","Humid","62.83","1","54.00","229847.70","SABD0001000008","AAV1.0.0.11","2.1.0.443","PSt7-10","170929-005","6/6/2018 9:09:52 AM","1443-01","0","no battery","V"
"07/06/2018","12:41:45","10","default","196169367","O10","4.928","min","169.775","μmol/L","Humid","19.868","deg","120410","µV","34.230","°C","1011.000","hPa","39.0","pmil","0","55.560","deg","20.000","°C","100.000","%a.s.","22.010","deg","20.000","°C","978.000","hPa","0.861","-0.02617","0.00035","0","0","13.56","Humid","62.83","1","54.00","229841.26","SABD0001000008","AAV1.0.0.11","2.1.0.443","PSt7-10","170929-005","6/6/2018 9:09:52 AM","1443-01","0","no battery","V"
"07/06/2018","12:41:46","10","default","196169367","O10","4.945","min","169.854","μmol/L","Humid","19.866","deg","120418","µV","34.222","°C","1011.000","hPa","39.0","pmil","0","55.560","deg","20.000","°C","100.000","%a.s.","22.010","deg","20.000","°C","978.000","hPa","0.861","-0.02617","0.00035","0","0","13.56","Humid","62.83","1","54.00","229849.36","SABD0001000008","AAV1.0.0.11","2.1.0.443","PSt7-10","170929-005","6/6/2018 9:09:52 AM","1443-01","0","no battery","V"
"07/06/2018","12:41:47","10","default","196169367","O10","4.961","min","169.926","μmol/L","Humid","19.862","deg","120420","µV","34.220","°C","1011.000","hPa","39.0","pmil","0","55.560","deg","20.000","°C","100.000","%a.s.","22.010","deg","20.000","°C","978.000","hPa","0.861","-0.02617","0.00035","0","0","13.56","Humid","62.83","1","54.00","229828.20","SABD0001000008","AAV1.0.0.11","2.1.0.443","PSt7-10","170929-005","6/6/2018 9:09:52 AM","1443-01","0","no battery","V"
"07/06/2018","12:41:48","10","default","196169367","O10","4.978","min","169.810","μmol/L","Humid","19.865","deg","120415","µV","34.232","°C","1011.000","hPa","39.0","pmil","0","55.560","deg","20.000","°C","100.000","%a.s.","22.010","deg","20.000","°C","978.000","hPa","0.861","-0.02617","0.00035","0","0","13.56","Humid","62.83","1","54.00","229841.40","SABD0001000008","AAV1.0.0.11","2.1.0.443","PSt7-10","170929-005","6/6/2018 9:09:52 AM","1443-01","0","no battery","V"
"07/06/2018","12:41:49","10","default","196169367","O10","4.994","min","169.749","μmol/L","Humid","19.868","deg","120415","µV","34.234","°C","1011.000","hPa","39.0","pmil","0","55.560","deg","20.000","°C","100.000","%a.s.","22.010","deg","20.000","°C","978.000","hPa","0.861","-0.02617","0.00035","0","0","13.56","Humid","62.83","1","54.00","229836.76","SABD0001000008","AAV1.0.0.11","2.1.0.443","PSt7-10","170929-005","6/6/2018 9:09:52 AM","1443-01","0","no battery","V"
"07/06/2018","12:41:50","10","default","196169367","O10","5.011","min","169.861","μmol/L","Humid","19.869","deg","120419","µV","34.213","°C","1011.000","hPa","39.0","pmil","0","55.560","deg","20.000","°C","100.000","%a.s.","22.010","deg","20.000","°C","978.000","hPa","0.861","-0.02617","0.00035","0","0","13.56","Humid","62.83","1","54.00","229835.62","SABD0001000008","AAV1.0.0.11","2.1.0.443","PSt7-10","170929-005","6/6/2018 9:09:52 AM","1443-01","0","no battery","V"
"07/06/2018","12:41:51","10","default","196169367","O10","5.028","min","169.811","μmol/L","Humid","19.867","deg","120419","µV","34.226","°C","1011.000","hPa","39.0","pmil","0","55.560","deg","20.000","°C","100.000","%a.s.","22.010","deg","20.000","°C","978.000","hPa","0.861","-0.02617","0.00035","0","0","13.56","Humid","62.83","1","54.00","229844.92","SABD0001000008","AAV1.0.0.11","2.1.0.443","PSt7-10","170929-005","6/6/2018 9:09:52 AM","1443-01","0","no battery","V"
"07/06/2018","12:41:52","10","default","196169367","O10","5.044","min","169.724","μmol/L","Humid","19.872","deg","120420","µV","34.228","°C","1011.000","hPa","39.0","pmil","0","55.560","deg","20.000","°C","100.000","%a.s.","22.010","deg","20.000","°C","978.000","hPa","0.861","-0.02617","0.00035","0","0","13.56","Humid","62.83","1","54.00","229841.41","SABD0001000008","AAV1.0.0.11","2.1.0.443","PSt7-10","170929-005","6/6/2018 9:09:52 AM","1443-01","0","no battery","V"
"07/06/2018","12:41:53","10","default","196169367","O10","5.061","min","169.859","μmol/L","Humid","19.870","deg","120431","µV","34.211","°C","1011.000","hPa","39.0","pmil","0","55.560","deg","20.000","°C","100.000","%a.s.","22.010","deg","20.000","°C","978.000","hPa","0.861","-0.02617","0.00035","0","0","13.56","Humid","62.83","1","54.00","229846.75","SABD0001000008","AAV1.0.0.11","2.1.0.443","PSt7-10","170929-005","6/6/2018 9:09:52 AM","1443-01","0","no battery","V"
"07/06/2018","12:41:54","10","default","196169367","O10","5.078","min","169.820","μmol/L","Humid","19.868","deg","120439","µV","34.222","°C","1011.000","hPa","39.0","pmil","0","55.560","deg","20.000","°C","100.000","%a.s.","22.010","deg","20.000","°C","978.000","hPa","0.861","-0.02617","0.00035","0","0","13.56","Humid","62.83","1","54.00","229836.25","SABD0001000008","AAV1.0.0.11","2.1.0.443","PSt7-10","170929-005","6/6/2018 9:09:52 AM","1443-01","0","no battery","V"
"07/06/2018","12:41:55","10","default","196169367","O10","5.094","min","169.919","μmol/L","Humid","19.869","deg","120435","µV","34.204","°C","1011.000","hPa","39.0","pmil","0","55.560","deg","20.000","°C","100.000","%a.s.","22.010","deg","20.000","°C","978.000","hPa","0.861","-0.02617","0.00035","0","0","13.56","Humid","62.83","1","54.00","229836.45","SABD0001000008","AAV1.0.0.11","2.1.0.443","PSt7-10","170929-005","6/6/2018 9:09:52 AM","1443-01","0","no battery","V"
"07/06/2018","12:41:56","10","default","196169367","O10","5.111","min","169.727","μmol/L","Humid","19.870","deg","120443","µV","34.233","°C","1011.000","hPa","39.0","pmil","0","55.560","deg","20.000","°C","100.000","%a.s.","22.010","deg","20.000","°C","978.000","hPa","0.861","-0.02617","0.00035","0","0","13.56","Humid","62.83","1","54.00","229841.92","SABD0001000008","AAV1.0.0.11","2.1.0.443","PSt7-10","170929-005","6/6/2018 9:09:52 AM","1443-01","0","no battery","V"
"07/06/2018","12:41:57","10","default","196169367","O10","5.128","min","169.748","μmol/L","Humid","19.870","deg","120443","µV","34.229","°C","1011.000","hPa","39.0","pmil","0","55.560","deg","20.000","°C","100.000","%a.s.","22.010","deg","20.000","°C","978.000","hPa","0.861","-0.02617","0.00035","0","0","13.56","Humid","62.83","1","54.00","229834.19","SABD0001000008","AAV1.0.0.11","2.1.0.443","PSt7-10","170929-005","6/6/2018 9:09:52 AM","1443-01","0","no battery","V"
"07/06/2018","12:41:58","10","default","196169367","O10","5.144","min","169.765","μmol/L","Humid","19.869","deg","120442","µV","34.229","°C","1011.000","hPa","39.0","pmil","0","55.560","deg","20.000","°C","100.000","%a.s.","22.010","deg","20.000","°C","978.000","hPa","0.861","-0.02617","0.00035","0","0","13.56","Humid","62.83","1","54.00","229840.79","SABD0001000008","AAV1.0.0.11","2.1.0.443","PSt7-10","170929-005","6/6/2018 9:09:52 AM","1443-01","0","no battery","V"
"07/06/2018","12:41:59","10","default","196169367","O10","5.161","min","169.684","μmol/L","Humid","19.870","deg","120442","µV","34.240","°C","1011.000","hPa","39.0","pmil","0","55.560","deg","20.000","°C","100.000","%a.s.","22.010","deg","20.000","°C","978.000","hPa","0.861","-0.02617","0.00035","0","0","13.56","Humid","62.83","1","54.00","229846.56","SABD0001000008","AAV1.0.0.11","2.1.0.443","PSt7-10","170929-005","6/6/2018 9:09:52 AM","1443-01","0","no battery","V"
"07/06/2018","12:42:00","10","default","196169367","O10","5.178","min","169.732","μmol/L","Humid","19.876","deg","120453","µV","34.216","°C","1011.000","hPa","39.0","pmil","0","55.560","deg","20.000","°C","100.000","%a.s.","22.010","deg","20.000","°C","978.000","hPa","0.861","-0.02617","0.00035","0","0","13.56","Humid","62.83","1","54.00","229837.25","SABD0001000008","AAV1.0.0.11","2.1.0.443","PSt7-10","170929-005","6/6/2018 9:09:52 AM","1443-01","0","no battery","V"
"07/06/2018","12:42:01","10","default","196169367","O10","5.195","min","169.645","μmol/L","Humid","19.875","deg","120454","µV","34.233","°C","1011.000","hPa","39.0","pmil","0","55.560","deg","20.000","°C","100.000","%a.s.","22.010","deg","20.000","°C","978.000","hPa","0.861","-0.02617","0.00035","0","0","13.56","Humid","62.83","1","54.00","229840.63","SABD0001000008","AAV1.0.0.11","2.1.0.443","PSt7-10","170929-005","6/6/2018 9:09:52 AM","1443-01","0","no battery","V"
"07/06/2018","12:42:02","10","default","196169367","O10","5.211","min","169.784","μmol/L","Humid","19.871","deg","120456","µV","34.221","°C","1011.000","hPa","39.0","pmil","0","55.560","deg","20.000","°C","100.000","%a.s.","22.010","deg","20.000","°C","978.000","hPa","0.861","-0.02617","0.00035","0","0","13.56","Humid","62.83","1","54.00","229818.30","SABD0001000008","AAV1.0.0.11","2.1.0.443","PSt7-10","170929-005","6/6/2018 9:09:52 AM","1443-01","0","no battery","V"
"07/06/2018","12:42:03","10","default","196169367","O10","5.228","min","169.681","μmol/L","Humid","19.876","deg","120460","µV","34.225","°C","1011.000","hPa","39.0","pmil","0","55.560","deg","20.000","°C","100.000","%a.s.","22.010","deg","20.000","°C","978.000","hPa","0.861","-0.02617","0.00035","0","0","13.56","Humid","62.83","1","54.00","229830.11","SABD0001000008","AAV1.0.0.11","2.1.0.443","PSt7-10","170929-005","6/6/2018 9:09:52 AM","1443-01","0","no battery","V"
"07/06/2018","12:42:04","10","default","196169367","O10","5.244","min","169.677","μmol/L","Humid","19.875","deg","120453","µV","34.228","°C","1011.000","hPa","39.0","pmil","0","55.560","deg","20.000","°C","100.000","%a.s.","22.010","deg","20.000","°C","978.000","hPa","0.861","-0.02617","0.00035","0","0","13.56","Humid","62.83","1","54.00","229836.76","SABD0001000008","AAV1.0.0.11","2.1.0.443","PSt7-10","170929-005","6/6/2018 9:09:52 AM","1443-01","0","no battery","V"
"07/06/2018","12:42:05","10","default","196169367","O10","5.261","min","169.676","μmol/L","Humid","19.879","deg","120468","µV","34.218","°C","1011.000","hPa","39.0","pmil","0","55.560","deg","20.000","°C","100.000","%a.s.","22.010","deg","20.000","°C","978.000","hPa","0.861","-0.02617","0.00035","0","0","13.56","Humid","62.83","1","54.00","229830.77","SABD0001000008","AAV1.0.0.11","2.1.0.443","PSt7-10","170929-005","6/6/2018 9:09:52 AM","1443-01","0","no battery","V"
"07/06/2018","12:42:06","10","default","196169367","O10","5.278","min","169.611","μmol/L","Humid","19.878","deg","120474","µV","34.231","°C","1011.000","hPa","39.0","pmil","0","55.560","deg","20.000","°C","100.000","%a.s.","22.010","deg","20.000","°C","978.000","hPa","0.861","-0.02617","0.00035","0","0","13.56","Humid","62.83","1","54.00","229831.01","SABD0001000008","AAV1.0.0.11","2.1.0.443","PSt7-10","170929-005","6/6/2018 9:09:52 AM","1443-01","0","no battery","V"
"07/06/2018","12:42:07","10","default","196169367","O10","5.294","min","169.657","μmol/L","Humid","19.876","deg","120474","µV","34.229","°C","1011.000","hPa","39.0","pmil","0","55.560","deg","20.000","°C","100.000","%a.s.","22.010","deg","20.000","°C","978.000","hPa","0.861","-0.02617","0.00035","0","0","13.56","Humid","62.83","1","54.00","229838.38","SABD0001000008","AAV1.0.0.11","2.1.0.443","PSt7-10","170929-005","6/6/2018 9:09:52 AM","1443-01","0","no battery","V"
"07/06/2018","12:42:08","10","default","196169367","O10","5.311","min","169.594","μmol/L","Humid","19.879","deg","120479","µV","34.231","°C","1011.000","hPa","39.0","pmil","0","55.560","deg","20.000","°C","100.000","%a.s.","22.010","deg","20.000","°C","978.000","hPa","0.861","-0.02617","0.00035","0","0","13.56","Humid","62.83","1","54.00","229829.60","SABD0001000008","AAV1.0.0.11","2.1.0.443","PSt7-10","170929-005","6/6/2018 9:09:52 AM","1443-01","0","no battery","V"
"07/06/2018","12:42:09","10","default","196169367","O10","5.327","min","169.660","μmol/L","Humid","19.878","deg","120491","µV","34.223","°C","1011.000","hPa","39.0","pmil","0","55.560","deg","20.000","°C","100.000","%a.s.","22.010","deg","20.000","°C","978.000","hPa","0.861","-0.02617","0.00035","0","0","13.56","Humid","62.83","1","54.00","229827.23","SABD0001000008","AAV1.0.0.11","2.1.0.443","PSt7-10","170929-005","6/6/2018 9:09:52 AM","1443-01","0","no battery","V"
"07/06/2018","12:42:10","10","default","196169367","O10","5.344","min","169.591","μmol/L","Humid","19.880","deg","120480","µV","34.229","°C","1011.000","hPa","39.0","pmil","0","55.560","deg","20.000","°C","100.000","%a.s.","22.010","deg","20.000","°C","978.000","hPa","0.861","-0.02617","0.00035","0","0","13.56","Humid","62.83","1","54.00","229827.70","SABD0001000008","AAV1.0.0.11","2.1.0.443","PSt7-10","170929-005","6/6/2018 9:09:52 AM","1443-01","0","no battery","V"
"07/06/2018","12:42:12","10","default","196169367","O10","5.374","min","169.738","μmol/L","Humid","19.879","deg","120516","µV","34.208","°C","1011.000","hPa","39.0","pmil","0","55.560","deg","20.000","°C","100.000","%a.s.","22.010","deg","20.000","°C","978.000","hPa","0.861","-0.02617","0.00035","0","0","13.56","Humid","62.83","1","54.00","229860.06","SABD0001000008","AAV1.0.0.11","2.1.0.443","PSt7-10","170929-005","6/6/2018 9:09:52 AM","1443-01","0","no battery","V"
"07/06/2018","12:42:12","10","default","196169367","O10","5.378","min","169.723","μmol/L","Humid","19.880","deg","120455","µV","34.208","°C","1011.000","hPa","39.0","pmil","0","55.560","deg","20.000","°C","100.000","%a.s.","22.010","deg","20.000","°C","978.000","hPa","0.861","-0.02617","0.00035","0","0","13.56","Humid","62.83","1","54.00","229792.64","SABD0001000008","AAV1.0.0.11","2.1.0.443","PSt7-10","170929-005","6/6/2018 9:09:52 AM","1443-01","0","no battery","V"
"07/06/2018","12:42:13","10","default","196169367","O10","5.395","min","169.598","μmol/L","Humid","19.880","deg","120481","µV","34.228","°C","1011.000","hPa","39.0","pmil","0","55.560","deg","20.000","°C","100.000","%a.s.","22.010","deg","20.000","°C","978.000","hPa","0.861","-0.02617","0.00035","0","0","13.56","Humid","62.83","1","54.00","229817.26","SABD0001000008","AAV1.0.0.11","2.1.0.443","PSt7-10","170929-005","6/6/2018 9:09:52 AM","1443-01","0","no battery","V"
"07/06/2018","12:42:14","10","default","196169367","O10","5.411","min","169.560","μmol/L","Humid","19.883","deg","120490","µV","34.227","°C","1011.000","hPa","39.0","pmil","0","55.560","deg","20.000","°C","100.000","%a.s.","22.010","deg","20.000","°C","978.000","hPa","0.861","-0.02617","0.00035","0","0","13.56","Humid","62.83","1","54.00","229814.10","SABD0001000008","AAV1.0.0.11","2.1.0.443","PSt7-10","170929-005","6/6/2018 9:09:52 AM","1443-01","0","no battery","V"
"07/06/2018","12:42:15","10","default","196169367","O10","5.427","min","169.525","μmol/L","Humid","19.883","deg","120495","µV","34.233","°C","1011.000","hPa","39.0","pmil","0","55.560","deg","20.000","°C","100.000","%a.s.","22.010","deg","20.000","°C","978.000","hPa","0.861","-0.02617","0.00035","0","0","13.56","Humid","62.83","1","54.00","229818.00","SABD0001000008","AAV1.0.0.11","2.1.0.443","PSt7-10","170929-005","6/6/2018 9:09:52 AM","1443-01","0","no battery","V"
"07/06/2018","12:42:16","10","default","196169367","O10","5.445","min","169.688","μmol/L","Humid","19.880","deg","120488","µV","34.213","°C","1011.000","hPa","39.0","pmil","0","55.560","deg","20.000","°C","100.000","%a.s.","22.010","deg","20.000","°C","978.000","hPa","0.861","-0.02617","0.00035","0","0","13.56","Humid","62.83","1","54.00","229824.43","SABD0001000008","AAV1.0.0.11","2.1.0.443","PSt7-10","170929-005","6/6/2018 9:09:52 AM","1443-01","0","no battery","V"
"07/06/2018","12:42:17","10","default","196169367","O10","5.461","min","169.555","μmol/L","Humid","19.881","deg","120492","µV","34.233","°C","1011.000","hPa","39.0","pmil","0","55.560","deg","20.000","°C","100.000","%a.s.","22.010","deg","20.000","°C","978.000","hPa","0.861","-0.02617","0.00035","0","0","13.56","Humid","62.83","1","54.00","229816.66","SABD0001000008","AAV1.0.0.11","2.1.0.443","PSt7-10","170929-005","6/6/2018 9:09:52 AM","1443-01","0","no battery","V"
"07/06/2018","12:42:18","10","default","196169367","O10","5.478","min","169.524","μmol/L","Humid","19.882","deg","120504","µV","34.235","°C","1011.000","hPa","39.0","pmil","0","55.560","deg","20.000","°C","100.000","%a.s.","22.010","deg","20.000","°C","978.000","hPa","0.861","-0.02617","0.00035","0","0","13.56","Humid","62.83","1","54.00","229830.55","SABD0001000008","AAV1.0.0.11","2.1.0.443","PSt7-10","170929-005","6/6/2018 9:09:52 AM","1443-01","0","no battery","V"
"07/06/2018","12:42:19","10","default","196169367","O10","5.494","min","169.444","μmol/L","Humid","19.888","deg","120496","µV","34.233","°C","1011.000","hPa","39.0","pmil","0","55.560","deg","20.000","°C","100.000","%a.s.","22.010","deg","20.000","°C","978.000","hPa","0.861","-0.02617","0.00035","0","0","13.56","Humid","62.83","1","54.00","229818.01","SABD0001000008","AAV1.0.0.11","2.1.0.443","PSt7-10","170929-005","6/6/2018 9:09:52 AM","1443-01","0","no battery","V"
"07/06/2018","12:42:20","10","default","196169367","O10","5.511","min","169.526","μmol/L","Humid","19.883","deg","120501","µV","34.232","°C","1011.000","hPa","39.0","pmil","0","55.560","deg","20.000","°C","100.000","%a.s.","22.010","deg","20.000","°C","978.000","hPa","0.861","-0.02617","0.00035","0","0","13.56","Humid","62.83","1","54.00","229808.11","SABD0001000008","AAV1.0.0.11","2.1.0.443","PSt7-10","170929-005","6/6/2018 9:09:52 AM","1443-01","0","no battery","V"
"07/06/2018","12:42:21","10","default","196169367","O10","5.528","min","169.432","μmol/L","Humid","19.884","deg","120507","µV","34.245","°C","1011.000","hPa","39.0","pmil","0","55.560","deg","20.000","°C","100.000","%a.s.","22.010","deg","20.000","°C","978.000","hPa","0.861","-0.02617","0.00035","0","0","13.56","Humid","62.83","1","54.00","229822.04","SABD0001000008","AAV1.0.0.11","2.1.0.443","PSt7-10","170929-005","6/6/2018 9:09:52 AM","1443-01","0","no battery","V"
"07/06/2018","12:42:22","10","default","196169367","O10","5.544","min","169.492","μmol/L","Humid","19.882","deg","120516","µV","34.240","°C","1011.000","hPa","39.0","pmil","0","55.560","deg","20.000","°C","100.000","%a.s.","22.010","deg","20.000","°C","978.000","hPa","0.861","-0.02617","0.00035","0","0","13.56","Humid","62.83","1","54.00","229823.19","SABD0001000008","AAV1.0.0.11","2.1.0.443","PSt7-10","170929-005","6/6/2018 9:09:52 AM","1443-01","0","no battery","V"
"07/06/2018","12:42:23","10","default","196169367","O10","5.561","min","169.564","μmol/L","Humid","19.884","deg","120520","µV","34.224","°C","1011.000","hPa","39.0","pmil","0","55.560","deg","20.000","°C","100.000","%a.s.","22.010","deg","20.000","°C","978.000","hPa","0.861","-0.02617","0.00035","0","0","13.56","Humid","62.83","1","54.00","229818.27","SABD0001000008","AAV1.0.0.11","2.1.0.443","PSt7-10","170929-005","6/6/2018 9:09:52 AM","1443-01","0","no battery","V"
"07/06/2018","12:42:24","10","default","196169367","O10","5.578","min","169.382","μmol/L","Humid","19.890","deg","120517","µV","34.238","°C","1011.000","hPa","39.0","pmil","0","55.560","deg","20.000","°C","100.000","%a.s.","22.010","deg","20.000","°C","978.000","hPa","0.861","-0.02617","0.00035","0","0","13.56","Humid","62.83","1","54.00","229817.04","SABD0001000008","AAV1.0.0.11","2.1.0.443","PSt7-10","170929-005","6/6/2018 9:09:52 AM","1443-01","0","no battery","V"
"07/06/2018","12:42:25","10","default","196169367","O10","5.594","min","169.474","μmol/L","Humid","19.885","deg","120517","µV","34.236","°C","1011.000","hPa","39.0","pmil","0","55.560","deg","20.000","°C","100.000","%a.s.","22.010","deg","20.000","°C","978.000","hPa","0.861","-0.02617","0.00035","0","0","13.56","Humid","62.83","1","54.00","229816.71","SABD0001000008","AAV1.0.0.11","2.1.0.443","PSt7-10","170929-005","6/6/2018 9:09:52 AM","1443-01","0","no battery","V"
"07/06/2018","12:42:26","10","default","196169367","O10","5.611","min","169.554","μmol/L","Humid","19.886","deg","120522","µV","34.220","°C","1011.000","hPa","39.0","pmil","0","55.560","deg","20.000","°C","100.000","%a.s.","22.010","deg","20.000","°C","978.000","hPa","0.861","-0.02617","0.00035","0","0","13.56","Humid","62.83","1","54.00","229809.77","SABD0001000008","AAV1.0.0.11","2.1.0.443","PSt7-10","170929-005","6/6/2018 9:09:52 AM","1443-01","0","no battery","V"
"07/06/2018","12:42:27","10","default","196169367","O10","5.628","min","169.444","μmol/L","Humid","19.888","deg","120529","µV","34.233","°C","1011.000","hPa","39.0","pmil","0","55.560","deg","20.000","°C","100.000","%a.s.","22.010","deg","20.000","°C","978.000","hPa","0.861","-0.02617","0.00035","0","0","13.56","Humid","62.83","1","54.00","229825.68","SABD0001000008","AAV1.0.0.11","2.1.0.443","PSt7-10","170929-005","6/6/2018 9:09:52 AM","1443-01","0","no battery","V"
"07/06/2018","12:42:28","10","default","196169367","O10","5.645","min","169.478","μmol/L","Humid","19.884","deg","120540","µV","34.238","°C","1011.000","hPa","39.0","pmil","0","55.560","deg","20.000","°C","100.000","%a.s.","22.010","deg","20.000","°C","978.000","hPa","0.861","-0.02617","0.00035","0","0","13.56","Humid","62.83","1","54.00","229830.75","SABD0001000008","AAV1.0.0.11","2.1.0.443","PSt7-10","170929-005","6/6/2018 9:09:52 AM","1443-01","0","no battery","V"
"07/06/2018","12:42:29","10","default","196169367","O10","5.661","min","169.489","μmol/L","Humid","19.889","deg","120542","µV","34.223","°C","1011.000","hPa","39.0","pmil","0","55.560","deg","20.000","°C","100.000","%a.s.","22.010","deg","20.000","°C","978.000","hPa","0.861","-0.02617","0.00035","0","0","13.56","Humid","62.83","1","54.00","229829.32","SABD0001000008","AAV1.0.0.11","2.1.0.443","PSt7-10","170929-005","6/6/2018 9:09:52 AM","1443-01","0","no battery","V"
"07/06/2018","12:42:30","10","default","196169367","O10","5.678","min","169.495","μmol/L","Humid","19.888","deg","120529","µV","34.225","°C","1011.000","hPa","39.0","pmil","0","55.560","deg","20.000","°C","100.000","%a.s.","22.010","deg","20.000","°C","978.000","hPa","0.861","-0.02617","0.00035","0","0","13.56","Humid","62.83","1","54.00","229815.41","SABD0001000008","AAV1.0.0.11","2.1.0.443","PSt7-10","170929-005","6/6/2018 9:09:52 AM","1443-01","0","no battery","V"
"07/06/2018","12:42:31","10","default","196169367","O10","5.694","min","169.455","μmol/L","Humid","19.891","deg","120540","µV","34.224","°C","1011.000","hPa","39.0","pmil","0","55.560","deg","20.000","°C","100.000","%a.s.","22.010","deg","20.000","°C","978.000","hPa","0.861","-0.02617","0.00035","0","0","13.56","Humid","62.83","1","54.00","229817.14","SABD0001000008","AAV1.0.0.11","2.1.0.443","PSt7-10","170929-005","6/6/2018 9:09:52 AM","1443-01","0","no battery","V"
"07/06/2018","12:42:32","10","default","196169367","O10","5.711","min","169.389","μmol/L","Humid","19.893","deg","120541","µV","34.229","°C","1011.000","hPa","39.0","pmil","0","55.560","deg","20.000","°C","100.000","%a.s.","22.010","deg","20.000","°C","978.000","hPa","0.861","-0.02617","0.00035","0","0","13.56","Humid","62.83","1","54.00","229810.40","SABD0001000008","AAV1.0.0.11","2.1.0.443","PSt7-10","170929-005","6/6/2018 9:09:52 AM","1443-01","0","no battery","V"
"07/06/2018","12:42:33","10","default","196169367","O10","5.728","min","169.465","μmol/L","Humid","19.892","deg","120547","µV","34.220","°C","1011.000","hPa","39.0","pmil","0","55.560","deg","20.000","°C","100.000","%a.s.","22.010","deg","20.000","°C","978.000","hPa","0.861","-0.02617","0.00035","0","0","13.56","Humid","62.83","1","54.00","229820.01","SABD0001000008","AAV1.0.0.11","2.1.0.443","PSt7-10","170929-005","6/6/2018 9:09:52 AM","1443-01","0","no battery","V"
"07/06/2018","12:42:34","10","default","196169367","O10","5.745","min","169.525","μmol/L","Humid","19.889","deg","120537","µV","34.217","°C","1011.000","hPa","39.0","pmil","0","55.560","deg","20.000","°C","100.000","%a.s.","22.010","deg","20.000","°C","978.000","hPa","0.861","-0.02617","0.00035","0","0","13.56","Humid","62.83","1","54.00","229822.18","SABD0001000008","AAV1.0.0.11","2.1.0.443","PSt7-10","170929-005","6/6/2018 9:09:52 AM","1443-01","0","no battery","V"
"07/06/2018","12:42:35","10","default","196169367","O10","5.761","min","169.277","μmol/L","Humid","19.894","deg","120541","µV","34.245","°C","1011.000","hPa","39.0","pmil","0","55.560","deg","20.000","°C","100.000","%a.s.","22.010","deg","20.000","°C","978.000","hPa","0.861","-0.02617","0.00035","0","0","13.56","Humid","62.83","1","54.00","229818.42","SABD0001000008","AAV1.0.0.11","2.1.0.443","PSt7-10","170929-005","6/6/2018 9:09:52 AM","1443-01","0","no battery","V"
"07/06/2018","12:42:36","10","default","196169367","O10","5.778","min","169.341","μmol/L","Humid","19.892","deg","120550","µV","34.240","°C","1011.000","hPa","39.0","pmil","0","55.560","deg","20.000","°C","100.000","%a.s.","22.010","deg","20.000","°C","978.000","hPa","0.861","-0.02617","0.00035","0","0","13.56","Humid","62.83","1","54.00","229819.78","SABD0001000008","AAV1.0.0.11","2.1.0.443","PSt7-10","170929-005","6/6/2018 9:09:52 AM","1443-01","0","no battery","V"
"07/06/2018","12:42:37","10","default","196169367","O10","5.795","min","169.325","μmol/L","Humid","19.894","deg","120556","µV","34.237","°C","1011.000","hPa","39.0","pmil","0","55.560","deg","20.000","°C","100.000","%a.s.","22.010","deg","20.000","°C","978.000","hPa","0.861","-0.02617","0.00035","0","0","13.56","Humid","62.83","1","54.00","229833.69","SABD0001000008","AAV1.0.0.11","2.1.0.443","PSt7-10","170929-005","6/6/2018 9:09:52 AM","1443-01","0","no battery","V"
"07/06/2018","12:42:38","10","default","196169367","O10","5.811","min","169.371","μmol/L","Humid","19.895","deg","120548","µV","34.227","°C","1011.000","hPa","39.0","pmil","0","55.560","deg","20.000","°C","100.000","%a.s.","22.010","deg","20.000","°C","978.000","hPa","0.861","-0.02617","0.00035","0","0","13.56","Humid","62.83","1","54.00","229815.97","SABD0001000008","AAV1.0.0.11","2.1.0.443","PSt7-10","170929-005","6/6/2018 9:09:52 AM","1443-01","0","no battery","V"
"07/06/2018","12:42:39","10","default","196169367","O10","5.827","min","169.374","μmol/L","Humid","19.893","deg","120559","µV","34.232","°C","1011.000","hPa","39.0","pmil","0","55.560","deg","20.000","°C","100.000","%a.s.","22.010","deg","20.000","°C","978.000","hPa","0.861","-0.02617","0.00035","0","0","13.56","Humid","62.83","1","54.00","229816.77","SABD0001000008","AAV1.0.0.11","2.1.0.443","PSt7-10","170929-005","6/6/2018 9:09:52 AM","1443-01","0","no battery","V"
"07/06/2018","12:42:40","10","default","196169367","O10","5.844","min","169.336","μmol/L","Humid","19.896","deg","120557","µV","34.230","°C","1011.000","hPa","39.0","pmil","0","55.560","deg","20.000","°C","100.000","%a.s.","22.010","deg","20.000","°C","978.000","hPa","0.861","-0.02617","0.00035","0","0","13.56","Humid","62.83","1","54.00","229810.65","SABD0001000008","AAV1.0.0.11","2.1.0.443","PSt7-10","170929-005","6/6/2018 9:09:52 AM","1443-01","0","no battery","V"
"07/06/2018","12:42:41","10","default","196169367","O10","5.861","min","169.265","μmol/L","Humid","19.895","deg","120564","µV","34.245","°C","1011.000","hPa","39.0","pmil","0","55.560","deg","20.000","°C","100.000","%a.s.","22.010","deg","20.000","°C","978.000","hPa","0.861","-0.02617","0.00035","0","0","13.56","Humid","62.83","1","54.00","229823.06","SABD0001000008","AAV1.0.0.11","2.1.0.443","PSt7-10","170929-005","6/6/2018 9:09:52 AM","1443-01","0","no battery","V"
"07/06/2018","12:42:42","10","default","196169367","O10","5.878","min","169.325","μmol/L","Humid","19.894","deg","120555","µV","34.237","°C","1011.000","hPa","39.0","pmil","0","55.560","deg","20.000","°C","100.000","%a.s.","22.010","deg","20.000","°C","978.000","hPa","0.861","-0.02617","0.00035","0","0","13.56","Humid","62.83","1","54.00","229818.26","SABD0001000008","AAV1.0.0.11","2.1.0.443","PSt7-10","170929-005","6/6/2018 9:09:52 AM","1443-01","0","no battery","V"
"07/06/2018","12:42:43","10","default","196169367","O10","5.895","min","169.334","μmol/L","Humid","19.896","deg","120565","µV","34.231","°C","1011.000","hPa","39.0","pmil","0","55.560","deg","20.000","°C","100.000","%a.s.","22.010","deg","20.000","°C","978.000","hPa","0.861","-0.02617","0.00035","0","0","13.56","Humid","62.83","1","54.00","229814.59","SABD0001000008","AAV1.0.0.11","2.1.0.443","PSt7-10","170929-005","6/6/2018 9:09:52 AM","1443-01","0","no battery","V"
"07/06/2018","12:42:44","10","default","196169367","O10","5.911","min","169.451","μmol/L","Humid","19.897","deg","120568","µV","34.209","°C","1011.000","hPa","39.0","pmil","0","55.560","deg","20.000","°C","100.000","%a.s.","22.010","deg","20.000","°C","978.000","hPa","0.861","-0.02617","0.00035","0","0","13.56","Humid","62.83","1","54.00","229824.72","SABD0001000008","AAV1.0.0.11","2.1.0.443","PSt7-10","170929-005","6/6/2018 9:09:52 AM","1443-01","0","no battery","V"
"07/06/2018","12:42:45","10","default","196169367","O10","5.928","min","169.328","μmol/L","Humid","19.894","deg","120565","µV","34.237","°C","1011.000","hPa","39.0","pmil","0","55.560","deg","20.000","°C","100.000","%a.s.","22.010","deg","20.000","°C","978.000","hPa","0.861","-0.02617","0.00035","0","0","13.56","Humid","62.83","1","54.00","229812.02","SABD0001000008","AAV1.0.0.11","2.1.0.443","PSt7-10","170929-005","6/6/2018 9:09:52 AM","1443-01","0","no battery","V"
"07/06/2018","12:42:46","10","default","196169367","O10","5.944","min","169.218","μmol/L","Humid","19.899","deg","120573","µV","34.242","°C","1011.000","hPa","39.0","pmil","0","55.560","deg","20.000","°C","100.000","%a.s.","22.010","deg","20.000","°C","978.000","hPa","0.861","-0.02617","0.00035","0","0","13.56","Humid","62.83","1","54.00","229824.58","SABD0001000008","AAV1.0.0.11","2.1.0.443","PSt7-10","170929-005","6/6/2018 9:09:52 AM","1443-01","0","no battery","V"
"07/06/2018","12:42:47","10","default","196169367","O10","5.961","min","169.352","μmol/L","Humid","19.900","deg","120572","µV","34.218","°C","1011.000","hPa","39.0","pmil","0","55.560","deg","20.000","°C","100.000","%a.s.","22.010","deg","20.000","°C","978.000","hPa","0.861","-0.02617","0.00035","0","0","13.56","Humid","62.83","1","54.00","229821.86","SABD0001000008","AAV1.0.0.11","2.1.0.443","PSt7-10","170929-005","6/6/2018 9:09:52 AM","1443-01","0","no battery","V"
"07/06/2018","12:42:48","10","default","196169367","O10","5.977","min","169.349","μmol/L","Humid","19.900","deg","120571","µV","34.218","°C","1011.000","hPa","39.0","pmil","0","55.560","deg","20.000","°C","100.000","%a.s.","22.010","deg","20.000","°C","978.000","hPa","0.861","-0.02617","0.00035","0","0","13.56","Humid","62.83","1","54.00","229801.82","SABD0001000008","AAV1.0.0.11","2.1.0.443","PSt7-10","170929-005","6/6/2018 9:09:52 AM","1443-01","0","no battery","V"
"07/06/2018","12:42:49","10","default","196169367","O10","5.994","min","169.306","μmol/L","Humid","19.896","deg","120577","µV","34.235","°C","1011.000","hPa","39.0","pmil","0","55.560","deg","20.000","°C","100.000","%a.s.","22.010","deg","20.000","°C","978.000","hPa","0.861","-0.02617","0.00035","0","0","13.56","Humid","62.83","1","54.00","229821.47","SABD0001000008","AAV1.0.0.11","2.1.0.443","PSt7-10","170929-005","6/6/2018 9:09:52 AM","1443-01","0","no battery","V"
"07/06/2018","12:42:50","10","default","196169367","O10","6.011","min","169.341","μmol/L","Humid","19.898","deg","120581","µV","34.225","°C","1011.000","hPa","39.0","pmil","0","55.560","deg","20.000","°C","100.000","%a.s.","22.010","deg","20.000","°C","978.000","hPa","0.861","-0.02617","0.00035","0","0","13.56","Humid","62.83","1","54.00","229814.53","SABD0001000008","AAV1.0.0.11","2.1.0.443","PSt7-10","170929-005","6/6/2018 9:09:52 AM","1443-01","0","no battery","V"
"07/06/2018","12:42:51","10","default","196169367","O10","6.027","min","169.333","μmol/L","Humid","19.894","deg","120576","µV","34.236","°C","1011.000","hPa","39.0","pmil","0","55.560","deg","20.000","°C","100.000","%a.s.","22.010","deg","20.000","°C","978.000","hPa","0.861","-0.02617","0.00035","0","0","13.56","Humid","62.83","1","54.00","229805.45","SABD0001000008","AAV1.0.0.11","2.1.0.443","PSt7-10","170929-005","6/6/2018 9:09:52 AM","1443-01","0","no battery","V"
"07/06/2018","12:42:52","10","default","196169367","O10","6.045","min","169.314","μmol/L","Humid","19.897","deg","120586","µV","34.232","°C","1011.000","hPa","39.0","pmil","0","55.560","deg","20.000","°C","100.000","%a.s.","22.010","deg","20.000","°C","978.000","hPa","0.861","-0.02617","0.00035","0","0","13.56","Humid","62.83","1","54.00","229805.34","SABD0001000008","AAV1.0.0.11","2.1.0.443","PSt7-10","170929-005","6/6/2018 9:09:52 AM","1443-01","0","no battery","V"
"07/06/2018","12:42:53","10","default","196169367","O10","6.061","min","169.313","μmol/L","Humid","19.898","deg","120576","µV","34.229","°C","1011.000","hPa","39.0","pmil","0","55.560","deg","20.000","°C","100.000","%a.s.","22.010","deg","20.000","°C","978.000","hPa","0.861","-0.02617","0.00035","0","0","13.56","Humid","62.83","1","54.00","229805.45","SABD0001000008","AAV1.0.0.11","2.1.0.443","PSt7-10","170929-005","6/6/2018 9:09:52 AM","1443-01","0","no battery","V"
"07/06/2018","12:42:54","10","default","196169367","O10","6.077","min","169.244","μmol/L","Humid","19.904","deg","120579","µV","34.225","°C","1011.000","hPa","39.0","pmil","0","55.560","deg","20.000","°C","100.000","%a.s.","22.010","deg","20.000","°C","978.000","hPa","0.861","-0.02617","0.00035","0","0","13.56","Humid","62.83","1","54.00","229814.30","SABD0001000008","AAV1.0.0.11","2.1.0.443","PSt7-10","170929-005","6/6/2018 9:09:52 AM","1443-01","0","no battery","V"
"07/06/2018","12:42:55","10","default","196169367","O10","6.095","min","169.138","μmol/L","Humid","19.899","deg","120598","µV","34.255","°C","1011.000","hPa","39.0","pmil","0","55.560","deg","20.000","°C","100.000","%a.s.","22.010","deg","20.000","°C","978.000","hPa","0.861","-0.02617","0.00035","0","0","13.56","Humid","62.83","1","54.00","229798.47","SABD0001000008","AAV1.0.0.11","2.1.0.443","PSt7-10","170929-005","6/6/2018 9:09:52 AM","1443-01","0","no battery","V"
"07/06/2018","12:42:56","10","default","196169367","O10","6.111","min","169.254","μmol/L","Humid","19.901","deg","120597","µV","34.231","°C","1011.000","hPa","39.0","pmil","0","55.560","deg","20.000","°C","100.000","%a.s.","22.010","deg","20.000","°C","978.000","hPa","0.861","-0.02617","0.00035","0","0","13.56","Humid","62.83","1","54.00","229810.65","SABD0001000008","AAV1.0.0.11","2.1.0.443","PSt7-10","170929-005","6/6/2018 9:09:52 AM","1443-01","0","no battery","V"
"07/06/2018","12:42:57","10","default","196169367","O10","6.128","min","169.224","μmol/L","Humid","19.902","deg","120593","µV","34.234","°C","1011.000","hPa","39.0","pmil","0","55.560","deg","20.000","°C","100.000","%a.s.","22.010","deg","20.000","°C","978.000","hPa","0.861","-0.02617","0.00035","0","0","13.56","Humid","62.83","1","54.00","229809.40","SABD0001000008","AAV1.0.0.11","2.1.0.443","PSt7-10","170929-005","6/6/2018 9:09:52 AM","1443-01","0","no battery","V"
"07/06/2018","12:42:58","10","default","196169367","O10","6.145","min","169.206","μmol/L","Humid","19.904","deg","120595","µV","34.231","°C","1011.000","hPa","39.0","pmil","0","55.560","deg","20.000","°C","100.000","%a.s.","22.010","deg","20.000","°C","978.000","hPa","0.861","-0.02617","0.00035","0","0","13.56","Humid","62.83","1","54.00","229811.97","SABD0001000008","AAV1.0.0.11","2.1.0.443","PSt7-10","170929-005","6/6/2018 9:09:52 AM","1443-01","0","no battery","V"
"07/06/2018","12:42:59","10","default","196169367","O10","6.161","min","169.156","μmol/L","Humid","19.905","deg","120606","µV","34.237","°C","1011.000","hPa","39.0","pmil","0","55.560","deg","20.000","°C","100.000","%a.s.","22.010","deg","20.000","°C","978.000","hPa","0.861","-0.02617","0.00035","0","0","13.56","Humid","62.83","1","54.00","229812.82","SABD0001000008","AAV1.0.0.11","2.1.0.443","PSt7-10","170929-005","6/6/2018 9:09:52 AM","1443-01","0","no battery","V"
"07/06/2018","12:43:00","10","default","196169367","O10","6.178","min","169.152","μmol/L","Humid","19.903","deg","120598","µV","34.243","°C","1011.000","hPa","39.0","pmil","0","55.560","deg","20.000","°C","100.000","%a.s.","22.010","deg","20.000","°C","978.000","hPa","0.861","-0.02617","0.00035","0","0","13.56","Humid","62.83","1","54.00","229797.83","SABD0001000008","AAV1.0.0.11","2.1.0.443","PSt7-10","170929-005","6/6/2018 9:09:52 AM","1443-01","0","no battery","V"
"07/06/2018","12:43:01","10","default","196169367","O10","6.194","min","169.185","μmol/L","Humid","19.905","deg","120602","µV","34.232","°C","1011.000","hPa","39.0","pmil","0","55.560","deg","20.000","°C","100.000","%a.s.","22.010","deg","20.000","°C","978.000","hPa","0.861","-0.02617","0.00035","0","0","13.56","Humid","62.83","1","54.00","229807.55","SABD0001000008","AAV1.0.0.11","2.1.0.443","PSt7-10","170929-005","6/6/2018 9:09:52 AM","1443-01","0","no battery","V"
"07/06/2018","12:43:02","10","default","196169367","O10","6.211","min","169.210","μmol/L","Humid","19.907","deg","120606","µV","34.223","°C","1011.000","hPa","39.0","pmil","0","55.560","deg","20.000","°C","100.000","%a.s.","22.010","deg","20.000","°C","978.000","hPa","0.861","-0.02617","0.00035","0","0","13.56","Humid","62.83","1","54.00","229793.87","SABD0001000008","AAV1.0.0.11","2.1.0.443","PSt7-10","170929-005","6/6/2018 9:09:52 AM","1443-01","0","no battery","V"
"07/06/2018","12:43:03","10","default","196169367","O10","6.227","min","169.121","μmol/L","Humid","19.905","deg","120611","µV","34.243","°C","1011.000","hPa","39.0","pmil","0","55.560","deg","20.000","°C","100.000","%a.s.","22.010","deg","20.000","°C","978.000","hPa","0.861","-0.02617","0.00035","0","0","13.56","Humid","62.83","1","54.00","229791.36","SABD0001000008","AAV1.0.0.11","2.1.0.443","PSt7-10","170929-005","6/6/2018 9:09:52 AM","1443-01","0","no battery","V"
"07/06/2018","12:43:04","10","default","196169367","O10","6.245","min","169.135","μmol/L","Humid","19.904","deg","120623","µV","34.243","°C","1011.000","hPa","39.0","pmil","0","55.560","deg","20.000","°C","100.000","%a.s.","22.010","deg","20.000","°C","978.000","hPa","0.861","-0.02617","0.00035","0","0","13.56","Humid","62.83","1","54.00","229800.19","SABD0001000008","AAV1.0.0.11","2.1.0.443","PSt7-10","170929-005","6/6/2018 9:09:52 AM","1443-01","0","no battery","V"
"07/06/2018","12:43:05","10","default","196169367","O10","6.261","min","169.153","μmol/L","Humid","19.907","deg","120607","µV","34.233","°C","1011.000","hPa","39.0","pmil","0","55.560","deg","20.000","°C","100.000","%a.s.","22.010","deg","20.000","°C","978.000","hPa","0.861","-0.02617","0.00035","0","0","13.56","Humid","62.83","1","54.00","229800.78","SABD0001000008","AAV1.0.0.11","2.1.0.443","PSt7-10","170929-005","6/6/2018 9:09:52 AM","1443-01","0","no battery","V"
"07/06/2018","12:43:06","10","default","196169367","O10","6.278","min","169.192","μmol/L","Humid","19.904","deg","120613","µV","34.234","°C","1011.000","hPa","39.0","pmil","0","55.560","deg","20.000","°C","100.000","%a.s.","22.010","deg","20.000","°C","978.000","hPa","0.861","-0.02617","0.00035","0","0","13.56","Humid","62.83","1","54.00","229794.38","SABD0001000008","AAV1.0.0.11","2.1.0.443","PSt7-10","170929-005","6/6/2018 9:09:52 AM","1443-01","0","no battery","V"
"07/06/2018","12:43:07","10","default","196169367","O10","6.295","min","169.165","μmol/L","Humid","19.907","deg","120621","µV","34.230","°C","1011.000","hPa","39.0","pmil","0","55.560","deg","20.000","°C","100.000","%a.s.","22.010","deg","20.000","°C","978.000","hPa","0.861","-0.02617","0.00035","0","0","13.56","Humid","62.83","1","54.00","229798.50","SABD0001000008","AAV1.0.0.11","2.1.0.443","PSt7-10","170929-005","6/6/2018 9:09:52 AM","1443-01","0","no battery","V"
"07/06/2018","12:43:08","10","default","196169367","O10","6.311","min","169.271","μmol/L","Humid","19.905","deg","120626","µV","34.218","°C","1011.000","hPa","39.0","pmil","0","55.560","deg","20.000","°C","100.000","%a.s.","22.010","deg","20.000","°C","978.000","hPa","0.861","-0.02617","0.00035","0","0","13.56","Humid","62.83","1","54.00","229795.04","SABD0001000008","AAV1.0.0.11","2.1.0.443","PSt7-10","170929-005","6/6/2018 9:09:52 AM","1443-01","0","no battery","V"
"07/06/2018","12:43:09","10","default","196169367","O10","6.328","min","169.207","μmol/L","Humid","19.906","deg","120616","µV","34.226","°C","1011.000","hPa","39.0","pmil","0","55.560","deg","20.000","°C","100.000","%a.s.","22.010","deg","20.000","°C","978.000","hPa","0.861","-0.02617","0.00035","0","0","13.56","Humid","62.83","1","54.00","229795.65","SABD0001000008","AAV1.0.0.11","2.1.0.443","PSt7-10","170929-005","6/6/2018 9:09:52 AM","1443-01","0","no battery","V"
"07/06/2018","12:43:10","10","default","196169367","O10","6.344","min","169.178","μmol/L","Humid","19.910","deg","120620","µV","34.221","°C","1011.000","hPa","39.0","pmil","0","55.560","deg","20.000","°C","100.000","%a.s.","22.010","deg","20.000","°C","978.000","hPa","0.861","-0.02617","0.00035","0","0","13.56","Humid","62.83","1","54.00","229799.23","SABD0001000008","AAV1.0.0.11","2.1.0.443","PSt7-10","170929-005","6/6/2018 9:09:52 AM","1443-01","0","no battery","V"
"07/06/2018","12:43:11","10","default","196169367","O10","6.362","min","169.196","μmol/L","Humid","19.907","deg","120627","µV","34.225","°C","1011.000","hPa","39.0","pmil","0","55.560","deg","20.000","°C","100.000","%a.s.","22.010","deg","20.000","°C","978.000","hPa","0.861","-0.02617","0.00035","0","0","13.56","Humid","62.83","1","54.00","229805.12","SABD0001000008","AAV1.0.0.11","2.1.0.443","PSt7-10","170929-005","6/6/2018 9:09:52 AM","1443-01","0","no battery","V"
"07/06/2018","12:43:12","10","default","196169367","O10","6.378","min","169.115","μmol/L","Humid","19.910","deg","120623","µV","34.231","°C","1011.000","hPa","39.0","pmil","0","55.560","deg","20.000","°C","100.000","%a.s.","22.010","deg","20.000","°C","978.000","hPa","0.861","-0.02617","0.00035","0","0","13.56","Humid","62.83","1","54.00","229799.75","SABD0001000008","AAV1.0.0.11","2.1.0.443","PSt7-10","170929-005","6/6/2018 9:09:52 AM","1443-01","0","no battery","V"
"07/06/2018","12:43:13","10","default","196169367","O10","6.394","min","169.267","μmol/L","Humid","19.908","deg","120637","µV","34.211","°C","1011.000","hPa","39.0","pmil","0","55.560","deg","20.000","°C","100.000","%a.s.","22.010","deg","20.000","°C","978.000","hPa","0.861","-0.02617","0.00035","0","0","13.56","Humid","62.83","1","54.00","229806.90","SABD0001000008","AAV1.0.0.11","2.1.0.443","PSt7-10","170929-005","6/6/2018 9:09:52 AM","1443-01","0","no battery","V"
"07/06/2018","12:43:14","10","default","196169367","O10","6.411","min","169.010","μmol/L","Humid","19.908","deg","120636","µV","34.254","°C","1011.000","hPa","39.0","pmil","0","55.560","deg","20.000","°C","100.000","%a.s.","22.010","deg","20.000","°C","978.000","hPa","0.861","-0.02617","0.00035","0","0","13.56","Humid","62.83","1","54.00","229799.21","SABD0001000008","AAV1.0.0.11","2.1.0.443","PSt7-10","170929-005","6/6/2018 9:09:52 AM","1443-01","0","no battery","V"
"07/06/2018","12:43:15","10","default","196169367","O10","6.428","min","169.104","μmol/L","Humid","19.906","deg","120635","µV","34.243","°C","1011.000","hPa","39.0","pmil","0","55.560","deg","20.000","°C","100.000","%a.s.","22.010","deg","20.000","°C","978.000","hPa","0.861","-0.02617","0.00035","0","0","13.56","Humid","62.83","1","54.00","229804.39","SABD0001000008","AAV1.0.0.11","2.1.0.443","PSt7-10","170929-005","6/6/2018 9:09:52 AM","1443-01","0","no battery","V"
"07/06/2018","12:43:16","10","default","196169367","O10","6.444","min","169.046","μmol/L","Humid","19.912","deg","120634","µV","34.237","°C","1011.000","hPa","39.0","pmil","0","55.560","deg","20.000","°C","100.000","%a.s.","22.010","deg","20.000","°C","978.000","hPa","0.861","-0.02617","0.00035","0","0","13.56","Humid","62.83","1","54.00","229815.81","SABD0001000008","AAV1.0.0.11","2.1.0.443","PSt7-10","170929-005","6/6/2018 9:09:52 AM","1443-01","0","no battery","V"
"07/06/2018","12:43:17","10","default","196169367","O10","6.462","min","169.089","μmol/L","Humid","19.910","deg","120635","µV","34.236","°C","1011.000","hPa","39.0","pmil","0","55.560","deg","20.000","°C","100.000","%a.s.","22.010","deg","20.000","°C","978.000","hPa","0.861","-0.02617","0.00035","0","0","13.56","Humid","62.83","1","54.00","229794.75","SABD0001000008","AAV1.0.0.11","2.1.0.443","PSt7-10","170929-005","6/6/2018 9:09:52 AM","1443-01","0","no battery","V"
"07/06/2018","12:43:18","10","default","196169367","O10","6.478","min","168.992","μmol/L","Humid","19.914","deg","120639","µV","34.241","°C","1011.000","hPa","39.0","pmil","0","55.560","deg","20.000","°C","100.000","%a.s.","22.010","deg","20.000","°C","978.000","hPa","0.861","-0.02617","0.00035","0","0","13.56","Humid","62.83","1","54.00","229791.49","SABD0001000008","AAV1.0.0.11","2.1.0.443","PSt7-10","170929-005","6/6/2018 9:09:52 AM","1443-01","0","no battery","V"
"07/06/2018","12:43:19","10","default","196169367","O10","6.494","min","169.001","μmol/L","Humid","19.916","deg","120646","µV","34.235","°C","1011.000","hPa","39.0","pmil","0","55.560","deg","20.000","°C","100.000","%a.s.","22.010","deg","20.000","°C","978.000","hPa","0.861","-0.02617","0.00035","0","0","13.56","Humid","62.83","1","54.00","229790.37","SABD0001000008","AAV1.0.0.11","2.1.0.443","PSt7-10","170929-005","6/6/2018 9:09:52 AM","1443-01","0","no battery","V"
"07/06/2018","12:43:20","10","default","196169367","O10","6.511","min","168.959","μmol/L","Humid","19.913","deg","120650","µV","34.249","°C","1011.000","hPa","39.0","pmil","0","55.560","deg","20.000","°C","100.000","%a.s.","22.010","deg","20.000","°C","978.000","hPa","0.861","-0.02617","0.00035","0","0","13.56","Humid","62.83","1","54.00","229794.49","SABD0001000008","AAV1.0.0.11","2.1.0.443","PSt7-10","170929-005","6/6/2018 9:09:52 AM","1443-01","0","no battery","V"
"07/06/2018","12:43:21","10","default","196169367","O10","6.528","min","168.932","μmol/L","Humid","19.914","deg","120648","µV","34.251","°C","1011.000","hPa","39.0","pmil","0","55.560","deg","20.000","°C","100.000","%a.s.","22.010","deg","20.000","°C","978.000","hPa","0.861","-0.02617","0.00035","0","0","13.56","Humid","62.83","1","54.00","229793.73","SABD0001000008","AAV1.0.0.11","2.1.0.443","PSt7-10","170929-005","6/6/2018 9:09:52 AM","1443-01","0","no battery","V"
"07/06/2018","12:43:22","10","default","196169367","O10","6.544","min","169.089","μmol/L","Humid","19.911","deg","120660","µV","34.233","°C","1011.000","hPa","39.0","pmil","0","55.560","deg","20.000","°C","100.000","%a.s.","22.010","deg","20.000","°C","978.000","hPa","0.861","-0.02617","0.00035","0","0","13.56","Humid","62.83","1","54.00","229794.85","SABD0001000008","AAV1.0.0.11","2.1.0.443","PSt7-10","170929-005","6/6/2018 9:09:52 AM","1443-01","0","no battery","V"
"07/06/2018","12:43:23","10","default","196169367","O10","6.561","min","168.942","μmol/L","Humid","19.916","deg","120654","µV","34.244","°C","1011.000","hPa","39.0","pmil","0","55.560","deg","20.000","°C","100.000","%a.s.","22.010","deg","20.000","°C","978.000","hPa","0.861","-0.02617","0.00035","0","0","13.56","Humid","62.83","1","54.00","229789.26","SABD0001000008","AAV1.0.0.11","2.1.0.443","PSt7-10","170929-005","6/6/2018 9:09:52 AM","1443-01","0","no battery","V"
"07/06/2018","12:43:24","10","default","196169367","O10","6.578","min","169.033","μmol/L","Humid","19.913","deg","120662","µV","34.237","°C","1011.000","hPa","39.0","pmil","0","55.560","deg","20.000","°C","100.000","%a.s.","22.010","deg","20.000","°C","978.000","hPa","0.861","-0.02617","0.00035","0","0","13.56","Humid","62.83","1","54.00","229782.85","SABD0001000008","AAV1.0.0.11","2.1.0.443","PSt7-10","170929-005","6/6/2018 9:09:52 AM","1443-01","0","no battery","V"
"07/06/2018","12:43:25","10","default","196169367","O10","6.595","min","169.015","μmol/L","Humid","19.917","deg","120669","µV","34.230","°C","1011.000","hPa","39.0","pmil","0","55.560","deg","20.000","°C","100.000","%a.s.","22.010","deg","20.000","°C","978.000","hPa","0.861","-0.02617","0.00035","0","0","13.56","Humid","62.83","1","54.00","229789.05","SABD0001000008","AAV1.0.0.11","2.1.0.443","PSt7-10","170929-005","6/6/2018 9:09:52 AM","1443-01","0","no battery","V"
"07/06/2018","12:43:26","10","default","196169367","O10","6.611","min","169.047","μmol/L","Humid","19.913","deg","120662","µV","34.235","°C","1011.000","hPa","39.0","pmil","0","55.560","deg","20.000","°C","100.000","%a.s.","22.010","deg","20.000","°C","978.000","hPa","0.861","-0.02617","0.00035","0","0","13.56","Humid","62.83","1","54.00","229786.21","SABD0001000008","AAV1.0.0.11","2.1.0.443","PSt7-10","170929-005","6/6/2018 9:09:52 AM","1443-01","0","no battery","V"
"07/06/2018","12:43:27","10","default","196169367","O10","6.629","min","168.994","μmol/L","Humid","19.916","deg","120674","µV","34.236","°C","1011.000","hPa","39.0","pmil","0","55.560","deg","20.000","°C","100.000","%a.s.","22.010","deg","20.000","°C","978.000","hPa","0.861","-0.02617","0.00035","0","0","13.56","Humid","62.83","1","54.00","229777.23","SABD0001000008","AAV1.0.0.11","2.1.0.443","PSt7-10","170929-005","6/6/2018 9:09:52 AM","1443-01","0","no battery","V"
"07/06/2018","12:43:28","10","default","196169367","O10","6.645","min","169.004","μmol/L","Humid","19.920","deg","120670","µV","34.224","°C","1011.000","hPa","39.0","pmil","0","55.560","deg","20.000","°C","100.000","%a.s.","22.010","deg","20.000","°C","978.000","hPa","0.861","-0.02617","0.00035","0","0","13.56","Humid","62.83","1","54.00","229783.94","SABD0001000008","AAV1.0.0.11","2.1.0.443","PSt7-10","170929-005","6/6/2018 9:09:52 AM","1443-01","0","no battery","V"
"07/06/2018","12:43:29","10","default","196169367","O10","6.661","min","168.965","μmol/L","Humid","19.921","deg","120672","µV","34.228","°C","1011.000","hPa","39.0","pmil","0","55.560","deg","20.000","°C","100.000","%a.s.","22.010","deg","20.000","°C","978.000","hPa","0.861","-0.02617","0.00035","0","0","13.56","Humid","62.83","1","54.00","229777.69","SABD0001000008","AAV1.0.0.11","2.1.0.443","PSt7-10","170929-005","6/6/2018 9:09:52 AM","1443-01","0","no battery","V"
"07/06/2018","12:43:30","10","default","196169367","O10","6.678","min","168.986","μmol/L","Humid","19.921","deg","120671","µV","34.224","°C","1011.000","hPa","39.0","pmil","0","55.560","deg","20.000","°C","100.000","%a.s.","22.010","deg","20.000","°C","978.000","hPa","0.861","-0.02617","0.00035","0","0","13.56","Humid","62.83","1","54.00","229796.45","SABD0001000008","AAV1.0.0.11","2.1.0.443","PSt7-10","170929-005","6/6/2018 9:09:52 AM","1443-01","0","no battery","V"
"07/06/2018","12:43:31","10","default","196169367","O10","6.694","min","168.979","μmol/L","Humid","19.918","deg","120668","µV","34.233","°C","1011.000","hPa","39.0","pmil","0","55.560","deg","20.000","°C","100.000","%a.s.","22.010","deg","20.000","°C","978.000","hPa","0.861","-0.02617","0.00035","0","0","13.56","Humid","62.83","1","54.00","229791.35","SABD0001000008","AAV1.0.0.11","2.1.0.443","PSt7-10","170929-005","6/6/2018 9:09:52 AM","1443-01","0","no battery","V"
"07/06/2018","12:43:32","10","default","196169367","O10","6.712","min","169.016","μmol/L","Humid","19.916","deg","120681","µV","34.232","°C","1011.000","hPa","39.0","pmil","0","55.560","deg","20.000","°C","100.000","%a.s.","22.010","deg","20.000","°C","978.000","hPa","0.861","-0.02617","0.00035","0","0","13.56","Humid","62.83","1","54.00","229784.60","SABD0001000008","AAV1.0.0.11","2.1.0.443","PSt7-10","170929-005","6/6/2018 9:09:52 AM","1443-01","0","no battery","V"
"07/06/2018","12:43:33","10","default","196169367","O10","6.728","min","168.839","μmol/L","Humid","19.922","deg","120690","µV","34.246","°C","1011.000","hPa","39.0","pmil","0","55.560","deg","20.000","°C","100.000","%a.s.","22.010","deg","20.000","°C","978.000","hPa","0.861","-0.02617","0.00035","0","0","13.56","Humid","62.83","1","54.00","229783.05","SABD0001000008","AAV1.0.0.11","2.1.0.443","PSt7-10","170929-005","6/6/2018 9:09:52 AM","1443-01","0","no battery","V"
"07/06/2018","12:43:34","10","default","196169367","O10","6.745","min","168.788","μmol/L","Humid","19.924","deg","120685","µV","34.249","°C","1011.000","hPa","39.0","pmil","0","55.560","deg","20.000","°C","100.000","%a.s.","22.010","deg","20.000","°C","978.000","hPa","0.861","-0.02617","0.00035","0","0","13.56","Humid","62.83","1","54.00","229783.84","SABD0001000008","AAV1.0.0.11","2.1.0.443","PSt7-10","170929-005","6/6/2018 9:09:52 AM","1443-01","0","no battery","V"
"07/06/2018","12:43:35","10","default","196169367","O10","6.762","min","168.792","μmol/L","Humid","19.924","deg","120699","µV","34.249","°C","1011.000","hPa","39.0","pmil","0","55.560","deg","20.000","°C","100.000","%a.s.","22.010","deg","20.000","°C","978.000","hPa","0.861","-0.02617","0.00035","0","0","13.56","Humid","62.83","1","54.00","229788.56","SABD0001000008","AAV1.0.0.11","2.1.0.443","PSt7-10","170929-005","6/6/2018 9:09:52 AM","1443-01","0","no battery","V"
"07/06/2018","12:43:36","10","default","196169367","O10","6.779","min","168.795","μmol/L","Humid","19.926","deg","120699","µV","34.243","°C","1011.000","hPa","39.0","pmil","0","55.560","deg","20.000","°C","100.000","%a.s.","22.010","deg","20.000","°C","978.000","hPa","0.861","-0.02617","0.00035","0","0","13.56","Humid","62.83","1","54.00","229783.26","SABD0001000008","AAV1.0.0.11","2.1.0.443","PSt7-10","170929-005","6/6/2018 9:09:52 AM","1443-01","0","no battery","V"
"07/06/2018","12:43:37","10","default","196169367","O10","6.794","min","168.963","μmol/L","Humid","19.921","deg","120696","µV","34.228","°C","1011.000","hPa","39.0","pmil","0","55.560","deg","20.000","°C","100.000","%a.s.","22.010","deg","20.000","°C","978.000","hPa","0.861","-0.02617","0.00035","0","0","13.56","Humid","62.83","1","54.00","229794.18","SABD0001000008","AAV1.0.0.11","2.1.0.443","PSt7-10","170929-005","6/6/2018 9:09:52 AM","1443-01","0","no battery","V"
"07/06/2018","12:43:38","10","default","196169367","O10","6.811","min","168.986","μmol/L","Humid","19.917","deg","120694","µV","34.235","°C","1011.000","hPa","39.0","pmil","0","55.560","deg","20.000","°C","100.000","%a.s.","22.010","deg","20.000","°C","978.000","hPa","0.861","-0.02617","0.00035","0","0","13.56","Humid","62.83","1","54.00","229776.60","SABD0001000008","AAV1.0.0.11","2.1.0.443","PSt7-10","170929-005","6/6/2018 9:09:52 AM","1443-01","0","no battery","V"
"07/06/2018","12:43:39","10","default","196169367","O10","6.828","min","168.898","μmol/L","Humid","19.920","deg","120707","µV","34.241","°C","1011.000","hPa","39.0","pmil","0","55.560","deg","20.000","°C","100.000","%a.s.","22.010","deg","20.000","°C","978.000","hPa","0.861","-0.02617","0.00035","0","0","13.56","Humid","62.83","1","54.00","229786.80","SABD0001000008","AAV1.0.0.11","2.1.0.443","PSt7-10","170929-005","6/6/2018 9:09:52 AM","1443-01","0","no battery","V"
"07/06/2018","12:43:40","10","default","196169367","O10","6.845","min","168.965","μmol/L","Humid","19.923","deg","120709","µV","34.223","°C","1011.000","hPa","39.0","pmil","0","55.560","deg","20.000","°C","100.000","%a.s.","22.010","deg","20.000","°C","978.000","hPa","0.861","-0.02617","0.00035","0","0","13.56","Humid","62.83","1","54.00","229780.77","SABD0001000008","AAV1.0.0.11","2.1.0.443","PSt7-10","170929-005","6/6/2018 9:09:52 AM","1443-01","0","no battery","V"
"07/06/2018","12:43:41","10","default","196169367","O10","6.861","min","168.963","μmol/L","Humid","19.924","deg","120712","µV","34.220","°C","1011.000","hPa","39.0","pmil","0","55.560","deg","20.000","°C","100.000","%a.s.","22.010","deg","20.000","°C","978.000","hPa","0.861","-0.02617","0.00035","0","0","13.56","Humid","62.83","1","54.00","229781.41","SABD0001000008","AAV1.0.0.11","2.1.0.443","PSt7-10","170929-005","6/6/2018 9:09:52 AM","1443-01","0","no battery","V"
"07/06/2018","12:43:42","10","default","196169367","O10","6.878","min","168.822","μmol/L","Humid","19.922","deg","120709","µV","34.249","°C","1011.000","hPa","39.0","pmil","0","55.560","deg","20.000","°C","100.000","%a.s.","22.010","deg","20.000","°C","978.000","hPa","0.861","-0.02617","0.00035","0","0","13.56","Humid","62.83","1","54.00","229782.56","SABD0001000008","AAV1.0.0.11","2.1.0.443","PSt7-10","170929-005","6/6/2018 9:09:52 AM","1443-01","0","no battery","V"
"07/06/2018","12:43:43","10","default","196169367","O10","6.895","min","168.722","μmol/L","Humid","19.927","deg","120715","µV","34.253","°C","1011.000","hPa","39.0","pmil","0","55.560","deg","20.000","°C","100.000","%a.s.","22.010","deg","20.000","°C","978.000","hPa","0.861","-0.02617","0.00035","0","0","13.56","Humid","62.83","1","54.00","229776.47","SABD0001000008","AAV1.0.0.11","2.1.0.443","PSt7-10","170929-005","6/6/2018 9:09:52 AM","1443-01","0","no battery","V"
"07/06/2018","12:43:44","10","default","196169367","O10","6.911","min","168.926","μmol/L","Humid","19.924","deg","120723","µV","34.227","°C","1011.000","hPa","39.0","pmil","0","55.560","deg","20.000","°C","100.000","%a.s.","22.010","deg","20.000","°C","978.000","hPa","0.861","-0.02617","0.00035","0","0","13.56","Humid","62.83","1","54.00","229782.71","SABD0001000008","AAV1.0.0.11","2.1.0.443","PSt7-10","170929-005","6/6/2018 9:09:52 AM","1443-01","0","no battery","V"
"07/06/2018","12:43:45","10","default","196169367","O10","6.928","min","168.821","μmol/L","Humid","19.925","deg","120715","µV","34.241","°C","1011.000","hPa","39.0","pmil","0","55.560","deg","20.000","°C","100.000","%a.s.","22.010","deg","20.000","°C","978.000","hPa","0.861","-0.02617","0.00035","0","0","13.56","Humid","62.83","1","54.00","229779.55","SABD0001000008","AAV1.0.0.11","2.1.0.443","PSt7-10","170929-005","6/6/2018 9:09:52 AM","1443-01","0","no battery","V"
"07/06/2018","12:43:46","10","default","196169367","O10","6.945","min","168.844","μmol/L","Humid","19.925","deg","120731","µV","34.238","°C","1011.000","hPa","39.0","pmil","0","55.560","deg","20.000","°C","100.000","%a.s.","22.010","deg","20.000","°C","978.000","hPa","0.861","-0.02617","0.00035","0","0","13.56","Humid","62.83","1","54.00","229774.06","SABD0001000008","AAV1.0.0.11","2.1.0.443","PSt7-10","170929-005","6/6/2018 9:09:52 AM","1443-01","0","no battery","V"
"07/06/2018","12:43:47","10","default","196169367","O10","6.961","min","168.827","μmol/L","Humid","19.925","deg","120732","µV","34.240","°C","1011.000","hPa","39.0","pmil","0","55.560","deg","20.000","°C","100.000","%a.s.","22.010","deg","20.000","°C","978.000","hPa","0.861","-0.02617","0.00035","0","0","13.56","Humid","62.83","1","54.00","229775.31","SABD0001000008","AAV1.0.0.11","2.1.0.443","PSt7-10","170929-005","6/6/2018 9:09:52 AM","1443-01","0","no battery","V"
"07/06/2018","12:43:48","10","default","196169367","O10","6.978","min","168.834","μmol/L","Humid","19.926","deg","120723","µV","34.237","°C","1011.000","hPa","39.0","pmil","0","55.560","deg","20.000","°C","100.000","%a.s.","22.010","deg","20.000","°C","978.000","hPa","0.861","-0.02617","0.00035","0","0","13.56","Humid","62.83","1","54.00","229773.90","SABD0001000008","AAV1.0.0.11","2.1.0.443","PSt7-10","170929-005","6/6/2018 9:09:52 AM","1443-01","0","no battery","V"
"07/06/2018","12:43:49","10","default","196169367","O10","6.994","min","168.737","μmol/L","Humid","19.930","deg","120717","µV","34.242","°C","1011.000","hPa","39.0","pmil","0","55.560","deg","20.000","°C","100.000","%a.s.","22.010","deg","20.000","°C","978.000","hPa","0.861","-0.02617","0.00035","0","0","13.56","Humid","62.83","1","54.00","229773.38","SABD0001000008","AAV1.0.0.11","2.1.0.443","PSt7-10","170929-005","6/6/2018 9:09:52 AM","1443-01","0","no battery","V"
"07/06/2018","12:43:50","10","default","196169367","O10","7.012","min","168.910","μmol/L","Humid","19.926","deg","120737","µV","34.224","°C","1011.000","hPa","39.0","pmil","0","55.560","deg","20.000","°C","100.000","%a.s.","22.010","deg","20.000","°C","978.000","hPa","0.861","-0.02617","0.00035","0","0","13.56","Humid","62.83","1","54.00","229778.03","SABD0001000008","AAV1.0.0.11","2.1.0.443","PSt7-10","170929-005","6/6/2018 9:09:52 AM","1443-01","0","no battery","V"
"07/06/2018","12:43:52","10","default","196169367","O10","7.043","min","168.715","μmol/L","Humid","19.926","deg","120760","µV","34.256","°C","1011.000","hPa","39.0","pmil","0","55.560","deg","20.000","°C","100.000","%a.s.","22.010","deg","20.000","°C","978.000","hPa","0.861","-0.02617","0.00035","0","0","13.56","Humid","62.83","1","54.00","229789.90","SABD0001000008","AAV1.0.0.11","2.1.0.443","PSt7-10","170929-005","6/6/2018 9:09:52 AM","1443-01","0","no battery","V"
"07/06/2018","12:43:52","10","default","196169367","O10","7.045","min","168.730","μmol/L","Humid","19.929","deg","120706","µV","34.246","°C","1011.000","hPa","39.0","pmil","0","55.560","deg","20.000","°C","100.000","%a.s.","22.010","deg","20.000","°C","978.000","hPa","0.861","-0.02617","0.00035","0","0","13.56","Humid","62.83","1","54.00","229748.06","SABD0001000008","AAV1.0.0.11","2.1.0.443","PSt7-10","170929-005","6/6/2018 9:09:52 AM","1443-01","0","no battery","V"
"07/06/2018","12:43:53","10","default","196169367","O10","7.061","min","168.677","μmol/L","Humid","19.930","deg","120712","µV","34.252","°C","1011.000","hPa","39.0","pmil","0","55.560","deg","20.000","°C","100.000","%a.s.","22.010","deg","20.000","°C","978.000","hPa","0.861","-0.02617","0.00035","0","0","13.56","Humid","62.83","1","54.00","229755.90","SABD0001000008","AAV1.0.0.11","2.1.0.443","PSt7-10","170929-005","6/6/2018 9:09:52 AM","1443-01","0","no battery","V"
"07/06/2018","12:43:54","10","default","196169367","O10","7.078","min","168.790","μmol/L","Humid","19.930","deg","120731","µV","34.234","°C","1011.000","hPa","39.0","pmil","0","55.560","deg","20.000","°C","100.000","%a.s.","22.010","deg","20.000","°C","978.000","hPa","0.861","-0.02617","0.00035","0","0","13.56","Humid","62.83","1","54.00","229773.77","SABD0001000008","AAV1.0.0.11","2.1.0.443","PSt7-10","170929-005","6/6/2018 9:09:52 AM","1443-01","0","no battery","V"
"07/06/2018","12:43:55","10","default","196169367","O10","7.095","min","168.773","μmol/L","Humid","19.932","deg","120737","µV","34.231","°C","1011.000","hPa","39.0","pmil","0","55.560","deg","20.000","°C","100.000","%a.s.","22.010","deg","20.000","°C","978.000","hPa","0.861","-0.02617","0.00035","0","0","13.56","Humid","62.83","1","54.00","229772.95","SABD0001000008","AAV1.0.0.11","2.1.0.443","PSt7-10","170929-005","6/6/2018 9:09:52 AM","1443-01","0","no battery","V"
"07/06/2018","12:43:56","10","default","196169367","O10","7.112","min","168.768","μmol/L","Humid","19.929","deg","120743","µV","34.240","°C","1011.000","hPa","39.0","pmil","0","55.560","deg","20.000","°C","100.000","%a.s.","22.010","deg","20.000","°C","978.000","hPa","0.861","-0.02617","0.00035","0","0","13.56","Humid","62.83","1","54.00","229781.01","SABD0001000008","AAV1.0.0.11","2.1.0.443","PSt7-10","170929-005","6/6/2018 9:09:52 AM","1443-01","0","no battery","V"
"07/06/2018","12:43:57","10","default","196169367","O10","7.128","min","168.794","μmol/L","Humid","19.931","deg","120748","µV","34.231","°C","1011.000","hPa","39.0","pmil","0","55.560","deg","20.000","°C","100.000","%a.s.","22.010","deg","20.000","°C","978.000","hPa","0.861","-0.02617","0.00035","0","0","13.56","Humid","62.83","1","54.00","229769.70","SABD0001000008","AAV1.0.0.11","2.1.0.443","PSt7-10","170929-005","6/6/2018 9:09:52 AM","1443-01","0","no battery","V"
"07/06/2018","12:43:58","10","default","196169367","O10","7.144","min","168.769","μmol/L","Humid","19.929","deg","120746","µV","34.240","°C","1011.000","hPa","39.0","pmil","0","55.560","deg","20.000","°C","100.000","%a.s.","22.010","deg","20.000","°C","978.000","hPa","0.861","-0.02617","0.00035","0","0","13.56","Humid","62.83","1","54.00","229764.74","SABD0001000008","AAV1.0.0.11","2.1.0.443","PSt7-10","170929-005","6/6/2018 9:09:52 AM","1443-01","0","no battery","V"
"07/06/2018","12:43:59","10","default","196169367","O10","7.161","min","168.732","μmol/L","Humid","19.931","deg","120750","µV","34.241","°C","1011.000","hPa","39.0","pmil","0","55.560","deg","20.000","°C","100.000","%a.s.","22.010","deg","20.000","°C","978.000","hPa","0.861","-0.02617","0.00035","0","0","13.56","Humid","62.83","1","54.00","229773.43","SABD0001000008","AAV1.0.0.11","2.1.0.443","PSt7-10","170929-005","6/6/2018 9:09:52 AM","1443-01","0","no battery","V"
"07/06/2018","12:44:00","10","default","196169367","O10","7.178","min","168.660","μmol/L","Humid","19.935","deg","120745","µV","34.242","°C","1011.000","hPa","39.0","pmil","0","55.560","deg","20.000","°C","100.000","%a.s.","22.010","deg","20.000","°C","978.000","hPa","0.861","-0.02617","0.00035","0","0","13.56","Humid","62.83","1","54.00","229779.30","SABD0001000008","AAV1.0.0.11","2.1.0.443","PSt7-10","170929-005","6/6/2018 9:09:52 AM","1443-01","0","no battery","V"
"07/06/2018","12:44:01","10","default","196169367","O10","7.195","min","168.763","μmol/L","Humid","19.931","deg","120755","µV","34.236","°C","1011.000","hPa","39.0","pmil","0","55.560","deg","20.000","°C","100.000","%a.s.","22.010","deg","20.000","°C","978.000","hPa","0.861","-0.02617","0.00035","0","0","13.56","Humid","62.83","1","54.00","229775.30","SABD0001000008","AAV1.0.0.11","2.1.0.443","PSt7-10","170929-005","6/6/2018 9:09:52 AM","1443-01","0","no battery","V"
"07/06/2018","12:44:02","10","default","196169367","O10","7.211","min","168.741","μmol/L","Humid","19.931","deg","120749","µV","34.239","°C","1011.000","hPa","39.0","pmil","0","55.560","deg","20.000","°C","100.000","%a.s.","22.010","deg","20.000","°C","978.000","hPa","0.861","-0.02617","0.00035","0","0","13.56","Humid","62.83","1","54.00","229767.45","SABD0001000008","AAV1.0.0.11","2.1.0.443","PSt7-10","170929-005","6/6/2018 9:09:52 AM","1443-01","0","no battery","V"
"07/06/2018","12:44:03","10","default","196169367","O10","7.228","min","168.772","μmol/L","Humid","19.931","deg","120762","µV","34.234","°C","1011.000","hPa","39.0","pmil","0","55.560","deg","20.000","°C","100.000","%a.s.","22.010","deg","20.000","°C","978.000","hPa","0.861","-0.02617","0.00035","0","0","13.56","Humid","62.83","1","54.00","229774.90","SABD0001000008","AAV1.0.0.11","2.1.0.443","PSt7-10","170929-005","6/6/2018 9:09:52 AM","1443-01","0","no battery","V"
"07/06/2018","12:44:04","10","default","196169367","O10","7.245","min","168.702","μmol/L","Humid","19.933","deg","120755","µV","34.241","°C","1011.000","hPa","39.0","pmil","0","55.560","deg","20.000","°C","100.000","%a.s.","22.010","deg","20.000","°C","978.000","hPa","0.861","-0.02617","0.00035","0","0","13.56","Humid","62.83","1","54.00","229766.47","SABD0001000008","AAV1.0.0.11","2.1.0.443","PSt7-10","170929-005","6/6/2018 9:09:52 AM","1443-01","0","no battery","V"
"07/06/2018","12:44:05","10","default","196169367","O10","7.261","min","168.629","μmol/L","Humid","19.938","deg","120760","µV","34.240","°C","1011.000","hPa","39.0","pmil","0","55.560","deg","20.000","°C","100.000","%a.s.","22.010","deg","20.000","°C","978.000","hPa","0.861","-0.02617","0.00035","0","0","13.56","Humid","62.83","1","54.00","229777.41","SABD0001000008","AAV1.0.0.11","2.1.0.443","PSt7-10","170929-005","6/6/2018 9:09:52 AM","1443-01","0","no battery","V"
"07/06/2018","12:44:06","10","default","196169367","O10","7.278","min","168.673","μmol/L","Humid","19.935","deg","120762","µV","34.240","°C","1011.000","hPa","39.0","pmil","0","55.560","deg","20.000","°C","100.000","%a.s.","22.010","deg","20.000","°C","978.000","hPa","0.861","-0.02617","0.00035","0","0","13.56","Humid","62.83","1","54.00","229766.02","SABD0001000008","AAV1.0.0.11","2.1.0.443","PSt7-10","170929-005","6/6/2018 9:09:52 AM","1443-01","0","no battery","V"
"07/06/2018","12:44:07","10","default","196169367","O10","7.295","min","168.713","μmol/L","Humid","19.933","deg","120768","µV","34.239","°C","1011.000","hPa","39.0","pmil","0","55.560","deg","20.000","°C","100.000","%a.s.","22.010","deg","20.000","°C","978.000","hPa","0.861","-0.02617","0.00035","0","0","13.56","Humid","62.83","1","54.00","229778.58","SABD0001000008","AAV1.0.0.11","2.1.0.443","PSt7-10","170929-005","6/6/2018 9:09:52 AM","1443-01","0","no battery","V"
"07/06/2018","12:44:08","10","default","196169367","O10","7.311","min","168.817","μmol/L","Humid","19.934","deg","120770","µV","34.219","°C","1011.000","hPa","39.0","pmil","0","55.560","deg","20.000","°C","100.000","%a.s.","22.010","deg","20.000","°C","978.000","hPa","0.861","-0.02617","0.00035","0","0","13.56","Humid","62.83","1","54.00","229768.38","SABD0001000008","AAV1.0.0.11","2.1.0.443","PSt7-10","170929-005","6/6/2018 9:09:52 AM","1443-01","0","no battery","V"
"07/06/2018","12:44:09","10","default","196169367","O10","7.327","min","168.691","μmol/L","Humid","19.935","deg","120774","µV","34.237","°C","1011.000","hPa","39.0","pmil","0","55.560","deg","20.000","°C","100.000","%a.s.","22.010","deg","20.000","°C","978.000","hPa","0.861","-0.02617","0.00035","0","0","13.56","Humid","62.83","1","54.00","229770.05","SABD0001000008","AAV1.0.0.11","2.1.0.443","PSt7-10","170929-005","6/6/2018 9:09:52 AM","1443-01","0","no battery","V"
"07/06/2018","12:44:10","10","default","196169367","O10","7.344","min","168.589","μmol/L","Humid","19.935","deg","120778","µV","34.254","°C","1011.000","hPa","39.0","pmil","0","55.560","deg","20.000","°C","100.000","%a.s.","22.010","deg","20.000","°C","978.000","hPa","0.861","-0.02617","0.00035","0","0","13.56","Humid","62.83","1","54.00","229771.93","SABD0001000008","AAV1.0.0.11","2.1.0.443","PSt7-10","170929-005","6/6/2018 9:09:52 AM","1443-01","0","no battery","V"
"07/06/2018","12:44:11","10","default","196169367","O10","7.361","min","168.588","μmol/L","Humid","19.936","deg","120775","µV","34.252","°C","1011.000","hPa","39.0","pmil","0","55.560","deg","20.000","°C","100.000","%a.s.","22.010","deg","20.000","°C","978.000","hPa","0.861","-0.02617","0.00035","0","0","13.56","Humid","62.83","1","54.00","229774.61","SABD0001000008","AAV1.0.0.11","2.1.0.443","PSt7-10","170929-005","6/6/2018 9:09:52 AM","1443-01","0","no battery","V"
"07/06/2018","12:44:12","10","default","196169367","O10","7.377","min","168.624","μmol/L","Humid","19.937","deg","120790","µV","34.243","°C","1011.000","hPa","39.0","pmil","0","55.560","deg","20.000","°C","100.000","%a.s.","22.010","deg","20.000","°C","978.000","hPa","0.861","-0.02617","0.00035","0","0","13.56","Humid","62.83","1","54.00","229776.27","SABD0001000008","AAV1.0.0.11","2.1.0.443","PSt7-10","170929-005","6/6/2018 9:09:52 AM","1443-01","0","no battery","V"
"07/06/2018","12:44:13","10","default","196169367","O10","7.395","min","168.675","μmol/L","Humid","19.937","deg","120780","µV","34.235","°C","1011.000","hPa","39.0","pmil","0","55.560","deg","20.000","°C","100.000","%a.s.","22.010","deg","20.000","°C","978.000","hPa","0.861","-0.02617","0.00035","0","0","13.56","Humid","62.83","1","54.00","229774.56","SABD0001000008","AAV1.0.0.11","2.1.0.443","PSt7-10","170929-005","6/6/2018 9:09:52 AM","1443-01","0","no battery","V"
"07/06/2018","12:44:14","10","default","196169367","O10","7.411","min","168.683","μmol/L","Humid","19.936","deg","120787","µV","34.236","°C","1011.000","hPa","39.0","pmil","0","55.560","deg","20.000","°C","100.000","%a.s.","22.010","deg","20.000","°C","978.000","hPa","0.861","-0.02617","0.00035","0","0","13.56","Humid","62.83","1","54.00","229770.21","SABD0001000008","AAV1.0.0.11","2.1.0.443","PSt7-10","170929-005","6/6/2018 9:09:52 AM","1443-01","0","no battery","V"
"07/06/2018","12:44:15","10","default","196169367","O10","7.428","min","168.559","μmol/L","Humid","19.941","deg","120782","µV","34.244","°C","1011.000","hPa","39.0","pmil","0","55.560","deg","20.000","°C","100.000","%a.s.","22.010","deg","20.000","°C","978.000","hPa","0.861","-0.02617","0.00035","0","0","13.56","Humid","62.83","1","54.00","229774.58","SABD0001000008","AAV1.0.0.11","2.1.0.443","PSt7-10","170929-005","6/6/2018 9:09:52 AM","1443-01","0","no battery","V"
"07/06/2018","12:44:16","10","default","196169367","O10","7.444","min","168.507","μmol/L","Humid","19.940","deg","120784","µV","34.255","°C","1011.000","hPa","39.0","pmil","0","55.560","deg","20.000","°C","100.000","%a.s.","22.010","deg","20.000","°C","978.000","hPa","0.861","-0.02617","0.00035","0","0","13.56","Humid","62.83","1","54.00","229765.57","SABD0001000008","AAV1.0.0.11","2.1.0.443","PSt7-10","170929-005","6/6/2018 9:09:52 AM","1443-01","0","no battery","V"
"07/06/2018","12:44:17","10","default","196169367","O10","7.461","min","168.631","μmol/L","Humid","19.939","deg","120795","µV","34.237","°C","1011.000","hPa","39.0","pmil","0","55.560","deg","20.000","°C","100.000","%a.s.","22.010","deg","20.000","°C","978.000","hPa","0.861","-0.02617","0.00035","0","0","13.56","Humid","62.83","1","54.00","229776.43","SABD0001000008","AAV1.0.0.11","2.1.0.443","PSt7-10","170929-005","6/6/2018 9:09:52 AM","1443-01","0","no battery","V"
"07/06/2018","12:44:18","10","default","196169367","O10","7.477","min","168.613","μmol/L","Humid","19.943","deg","120788","µV","34.230","°C","1011.000","hPa","39.0","pmil","0","55.560","deg","20.000","°C","100.000","%a.s.","22.010","deg","20.000","°C","978.000","hPa","0.861","-0.02617","0.00035","0","0","13.56","Humid","62.83","1","54.00","229762.32","SABD0001000008","AAV1.0.0.11","2.1.0.443","PSt7-10","170929-005","6/6/2018 9:09:52 AM","1443-01","0","no battery","V"
"07/06/2018","12:44:19","10","default","196169367","O10","7.494","min","168.626","μmol/L","Humid","19.944","deg","120787","µV","34.225","°C","1011.000","hPa","39.0","pmil","0","55.560","deg","20.000","°C","100.000","%a.s.","22.010","deg","20.000","°C","978.000","hPa","0.861","-0.02617","0.00035","0","0","13.56","Humid","62.83","1","54.00","229774.26","SABD0001000008","AAV1.0.0.11","2.1.0.443","PSt7-10","170929-005","6/6/2018 9:09:52 AM","1443-01","0","no battery","V"
"07/06/2018","12:44:20","10","default","196169367","O10","7.511","min","168.550","μmol/L","Humid","19.945","deg","120796","µV","34.235","°C","1011.000","hPa","39.0","pmil","0","55.560","deg","20.000","°C","100.000","%a.s.","22.010","deg","20.000","°C","978.000","hPa","0.861","-0.02617","0.00035","0","0","13.56","Humid","62.83","1","54.00","229767.04","SABD0001000008","AAV1.0.0.11","2.1.0.443","PSt7-10","170929-005","6/6/2018 9:09:52 AM","1443-01","0","no battery","V"
"07/06/2018","12:44:21","10","default","196169367","O10","7.527","min","168.450","μmol/L","Humid","19.943","deg","120798","µV","34.257","°C","1011.000","hPa","39.0","pmil","0","55.560","deg","20.000","°C","100.000","%a.s.","22.010","deg","20.000","°C","978.000","hPa","0.861","-0.02617","0.00035","0","0","13.56","Humid","62.83","1","54.00","229763.70","SABD0001000008","AAV1.0.0.11","2.1.0.443","PSt7-10","170929-005","6/6/2018 9:09:52 AM","1443-01","0","no battery","V"
"07/06/2018","12:44:22","10","default","196169367","O10","7.544","min","168.397","μmol/L","Humid","19.947","deg","120807","µV","34.255","°C","1011.000","hPa","39.0","pmil","0","55.560","deg","20.000","°C","100.000","%a.s.","22.010","deg","20.000","°C","978.000","hPa","0.861","-0.02617","0.00035","0","0","13.56","Humid","62.83","1","54.00","229780.22","SABD0001000008","AAV1.0.0.11","2.1.0.443","PSt7-10","170929-005","6/6/2018 9:09:52 AM","1443-01","0","no battery","V"
"07/06/2018","12:44:23","10","default","196169367","O10","7.561","min","168.685","μmol/L","Humid","19.940","deg","120807","µV","34.226","°C","1011.000","hPa","39.0","pmil","0","55.560","deg","20.000","°C","100.000","%a.s.","22.010","deg","20.000","°C","978.000","hPa","0.861","-0.02617","0.00035","0","0","13.56","Humid","62.83","1","54.00","229772.47","SABD0001000008","AAV1.0.0.11","2.1.0.443","PSt7-10","170929-005","6/6/2018 9:09:52 AM","1443-01","0","no battery","V"
"07/06/2018","12:44:24","10","default","196169367","O10","7.577","min","168.630","μmol/L","Humid","19.941","deg","120803","µV","34.232","°C","1011.000","hPa","39.0","pmil","0","55.560","deg","20.000","°C","100.000","%a.s.","22.010","deg","20.000","°C","978.000","hPa","0.861","-0.02617","0.00035","0","0","13.56","Humid","62.83","1","54.00","229763.83","SABD0001000008","AAV1.0.0.11","2.1.0.443","PSt7-10","170929-005","6/6/2018 9:09:52 AM","1443-01","0","no battery","V"
"07/06/2018","12:44:25","10","default","196169367","O10","7.594","min","168.543","μmol/L","Humid","19.945","deg","120818","µV","34.236","°C","1011.000","hPa","39.0","pmil","0","55.560","deg","20.000","°C","100.000","%a.s.","22.010","deg","20.000","°C","978.000","hPa","0.861","-0.02617","0.00035","0","0","13.56","Humid","62.83","1","54.00","229773.55","SABD0001000008","AAV1.0.0.11","2.1.0.443","PSt7-10","170929-005","6/6/2018 9:09:52 AM","1443-01","0","no battery","V"
"07/06/2018","12:44:26","10","default","196169367","O10","7.611","min","168.578","μmol/L","Humid","19.945","deg","120816","µV","34.231","°C","1011.000","hPa","39.0","pmil","0","55.560","deg","20.000","°C","100.000","%a.s.","22.010","deg","20.000","°C","978.000","hPa","0.861","-0.02617","0.00035","0","0","13.56","Humid","62.83","1","54.00","229772.32","SABD0001000008","AAV1.0.0.11","2.1.0.443","PSt7-10","170929-005","6/6/2018 9:09:52 AM","1443-01","0","no battery","V"
"07/06/2018","12:44:27","10","default","196169367","O10","7.628","min","168.661","μmol/L","Humid","19.947","deg","120809","µV","34.212","°C","1011.000","hPa","39.0","pmil","0","55.560","deg","20.000","°C","100.000","%a.s.","22.010","deg","20.000","°C","978.000","hPa","0.861","-0.02617","0.00035","0","0","13.56","Humid","62.83","1","54.00","229761.55","SABD0001000008","AAV1.0.0.11","2.1.0.443","PSt7-10","170929-005","6/6/2018 9:09:52 AM","1443-01","0","no battery","V"
"07/06/2018","12:44:28","10","default","196169367","O10","7.644","min","168.690","μmol/L","Humid","19.945","deg","120812","µV","34.212","°C","1011.000","hPa","39.0","pmil","0","55.560","deg","20.000","°C","100.000","%a.s.","22.010","deg","20.000","°C","978.000","hPa","0.861","-0.02617","0.00035","0","0","13.56","Humid","62.83","1","54.00","229769.40","SABD0001000008","AAV1.0.0.11","2.1.0.443","PSt7-10","170929-005","6/6/2018 9:09:52 AM","1443-01","0","no battery","V"
"07/06/2018","12:44:29","10","default","196169367","O10","7.661","min","168.509","μmol/L","Humid","19.950","deg","120812","µV","34.229","°C","1011.000","hPa","39.0","pmil","0","55.560","deg","20.000","°C","100.000","%a.s.","22.010","deg","20.000","°C","978.000","hPa","0.861","-0.02617","0.00035","0","0","13.56","Humid","62.83","1","54.00","229758.44","SABD0001000008","AAV1.0.0.11","2.1.0.443","PSt7-10","170929-005","6/6/2018 9:09:52 AM","1443-01","0","no battery","V"
"07/06/2018","12:44:30","10","default","196169367","O10","7.678","min","168.526","μmol/L","Humid","19.946","deg","120826","µV","34.237","°C","1011.000","hPa","39.0","pmil","0","55.560","deg","20.000","°C","100.000","%a.s.","22.010","deg","20.000","°C","978.000","hPa","0.861","-0.02617","0.00035","0","0","13.56","Humid","62.83","1","54.00","229769.40","SABD0001000008","AAV1.0.0.11","2.1.0.443","PSt7-10","170929-005","6/6/2018 9:09:52 AM","1443-01","0","no battery","V"
"07/06/2018","12:44:31","10","default","196169367","O10","7.695","min","168.468","μmol/L","Humid","19.946","deg","120827","µV","34.246","°C","1011.000","hPa","39.0","pmil","0","55.560","deg","20.000","°C","100.000","%a.s.","22.010","deg","20.000","°C","978.000","hPa","0.861","-0.02617","0.00035","0","0","13.56","Humid","62.83","1","54.00","229776.54","SABD0001000008","AAV1.0.0.11","2.1.0.443","PSt7-10","170929-005","6/6/2018 9:09:52 AM","1443-01","0","no battery","V"
"07/06/2018","12:44:32","10","default","196169367","O10","7.711","min","168.498","μmol/L","Humid","19.949","deg","120828","µV","34.234","°C","1011.000","hPa","39.0","pmil","0","55.560","deg","20.000","°C","100.000","%a.s.","22.010","deg","20.000","°C","978.000","hPa","0.861","-0.02617","0.00035","0","0","13.56","Humid","62.83","1","54.00","229781.11","SABD0001000008","AAV1.0.0.11","2.1.0.443","PSt7-10","170929-005","6/6/2018 9:09:52 AM","1443-01","0","no battery","V"
"07/06/2018","12:44:33","10","default","196169367","O10","7.728","min","168.534","μmol/L","Humid","19.948","deg","120826","µV","34.230","°C","1011.000","hPa","39.0","pmil","0","55.560","deg","20.000","°C","100.000","%a.s.","22.010","deg","20.000","°C","978.000","hPa","0.861","-0.02617","0.00035","0","0","13.56","Humid","62.83","1","54.00","229769.62","SABD0001000008","AAV1.0.0.11","2.1.0.443","PSt7-10","170929-005","6/6/2018 9:09:52 AM","1443-01","0","no battery","V"
"07/06/2018","12:44:34","10","default","196169367","O10","7.744","min","168.509","μmol/L","Humid","19.945","deg","120839","µV","34.242","°C","1011.000","hPa","39.0","pmil","0","55.560","deg","20.000","°C","100.000","%a.s.","22.010","deg","20.000","°C","978.000","hPa","0.861","-0.02617","0.00035","0","0","13.56","Humid","62.83","1","54.00","229775.15","SABD0001000008","AAV1.0.0.11","2.1.0.443","PSt7-10","170929-005","6/6/2018 9:09:52 AM","1443-01","0","no battery","V"
"07/06/2018","12:44:35","10","default","196169367","O10","7.761","min","168.381","μmol/L","Humid","19.951","deg","120832","µV","34.248","°C","1011.000","hPa","39.0","pmil","0","55.560","deg","20.000","°C","100.000","%a.s.","22.010","deg","20.000","°C","978.000","hPa","0.861","-0.02617","0.00035","0","0","13.56","Humid","62.83","1","54.00","229765.09","SABD0001000008","AAV1.0.0.11","2.1.0.443","PSt7-10","170929-005","6/6/2018 9:09:52 AM","1443-01","0","no battery","V"
"07/06/2018","12:44:36","10","default","196169367","O10","7.777","min","168.335","μmol/L","Humid","19.953","deg","120848","µV","34.250","°C","1011.000","hPa","39.0","pmil","0","55.560","deg","20.000","°C","100.000","%a.s.","22.010","deg","20.000","°C","978.000","hPa","0.861","-0.02617","0.00035","0","0","13.56","Humid","62.83","1","54.00","229775.02","SABD0001000008","AAV1.0.0.11","2.1.0.443","PSt7-10","170929-005","6/6/2018 9:09:52 AM","1443-01","0","no battery","V"
"07/06/2018","12:44:37","10","default","196169367","O10","7.794","min","168.477","μmol/L","Humid","19.949","deg","120834","µV","34.237","°C","1011.000","hPa","39.0","pmil","0","55.560","deg","20.000","°C","100.000","%a.s.","22.010","deg","20.000","°C","978.000","hPa","0.861","-0.02617","0.00035","0","0","13.56","Humid","62.83","1","54.00","229770.45","SABD0001000008","AAV1.0.0.11","2.1.0.443","PSt7-10","170929-005","6/6/2018 9:09:52 AM","1443-01","0","no battery","V"
"07/06/2018","12:44:38","10","default","196169367","O10","7.811","min","168.501","μmol/L","Humid","19.948","deg","120841","µV","34.236","°C","1011.000","hPa","39.0","pmil","0","55.560","deg","20.000","°C","100.000","%a.s.","22.010","deg","20.000","°C","978.000","hPa","0.861","-0.02617","0.00035","0","0","13.56","Humid","62.83","1","54.00","229765.22","SABD0001000008","AAV1.0.0.11","2.1.0.443","PSt7-10","170929-005","6/6/2018 9:09:52 AM","1443-01","0","no battery","V"
"07/06/2018","12:44:39","10","default","196169367","O10","7.828","min","168.382","μmol/L","Humid","19.955","deg","120849","µV","34.237","°C","1011.000","hPa","39.0","pmil","0","55.560","deg","20.000","°C","100.000","%a.s.","22.010","deg","20.000","°C","978.000","hPa","0.861","-0.02617","0.00035","0","0","13.56","Humid","62.83","1","54.00","229763.88","SABD0001000008","AAV1.0.0.11","2.1.0.443","PSt7-10","170929-005","6/6/2018 9:09:52 AM","1443-01","0","no battery","V"
"07/06/2018","12:44:40","10","default","196169367","O10","7.845","min","168.414","μmol/L","Humid","19.950","deg","120860","µV","34.245","°C","1011.000","hPa","39.0","pmil","0","55.560","deg","20.000","°C","100.000","%a.s.","22.010","deg","20.000","°C","978.000","hPa","0.861","-0.02617","0.00035","0","0","13.56","Humid","62.83","1","54.00","229771.50","SABD0001000008","AAV1.0.0.11","2.1.0.443","PSt7-10","170929-005","6/6/2018 9:09:52 AM","1443-01","0","no battery","V"
"07/06/2018","12:44:41","10","default","196169367","O10","7.861","min","168.395","μmol/L","Humid","19.954","deg","120860","µV","34.238","°C","1011.000","hPa","39.0","pmil","0","55.560","deg","20.000","°C","100.000","%a.s.","22.010","deg","20.000","°C","978.000","hPa","0.861","-0.02617","0.00035","0","0","13.56","Humid","62.83","1","54.00","229770.17","SABD0001000008","AAV1.0.0.11","2.1.0.443","PSt7-10","170929-005","6/6/2018 9:09:52 AM","1443-01","0","no battery","V"
"07/06/2018","12:44:42","10","default","196169367","O10","7.878","min","168.409","μmol/L","Humid","19.954","deg","120861","µV","34.236","°C","1011.000","hPa","39.0","pmil","0","55.560","deg","20.000","°C","100.000","%a.s.","22.010","deg","20.000","°C","978.000","hPa","0.861","-0.02617","0.00035","0","0","13.56","Humid","62.83","1","54.00","229771.38","SABD0001000008","AAV1.0.0.11","2.1.0.443","PSt7-10","170929-005","6/6/2018 9:09:52 AM","1443-01","0","no battery","V"
"07/06/2018","12:44:43","10","default","196169367","O10","7.895","min","168.382","μmol/L","Humid","19.955","deg","120860","µV","34.237","°C","1011.000","hPa","39.0","pmil","0","55.560","deg","20.000","°C","100.000","%a.s.","22.010","deg","20.000","°C","978.000","hPa","0.861","-0.02617","0.00035","0","0","13.56","Humid","62.83","1","54.00","229761.17","SABD0001000008","AAV1.0.0.11","2.1.0.443","PSt7-10","170929-005","6/6/2018 9:09:52 AM","1443-01","0","no battery","V"
"07/06/2018","12:44:44","10","default","196169367","O10","7.911","min","168.401","μmol/L","Humid","19.954","deg","120861","µV","34.237","°C","1011.000","hPa","39.0","pmil","0","55.560","deg","20.000","°C","100.000","%a.s.","22.010","deg","20.000","°C","978.000","hPa","0.861","-0.02617","0.00035","0","0","13.56","Humid","62.83","1","54.00","229753.86","SABD0001000008","AAV1.0.0.11","2.1.0.443","PSt7-10","170929-005","6/6/2018 9:09:52 AM","1443-01","0","no battery","V"
"07/06/2018","12:44:45","10","default","196169367","O10","7.928","min","168.474","μmol/L","Humid","19.955","deg","120865","µV","34.222","°C","1011.000","hPa","39.0","pmil","0","55.560","deg","20.000","°C","100.000","%a.s.","22.010","deg","20.000","°C","978.000","hPa","0.861","-0.02617","0.00035","0","0","13.56","Humid","62.83","1","54.00","229769.48","SABD0001000008","AAV1.0.0.11","2.1.0.443","PSt7-10","170929-005","6/6/2018 9:09:52 AM","1443-01","0","no battery","V"
"07/06/2018","12:44:46","10","default","196169367","O10","7.944","min","168.444","μmol/L","Humid","19.954","deg","120862","µV","34.230","°C","1011.000","hPa","39.0","pmil","0","55.560","deg","20.000","°C","100.000","%a.s.","22.010","deg","20.000","°C","978.000","hPa","0.861","-0.02617","0.00035","0","0","13.56","Humid","62.83","1","54.00","229756.19","SABD0001000008","AAV1.0.0.11","2.1.0.443","PSt7-10","170929-005","6/6/2018 9:09:52 AM","1443-01","0","no battery","V"
"07/06/2018","12:44:47","10","default","196169367","O10","7.961","min","168.465","μmol/L","Humid","19.953","deg","120865","µV","34.229","°C","1011.000","hPa","39.0","pmil","0","55.560","deg","20.000","°C","100.000","%a.s.","22.010","deg","20.000","°C","978.000","hPa","0.861","-0.02617","0.00035","0","0","13.56","Humid","62.83","1","54.00","229761.56","SABD0001000008","AAV1.0.0.11","2.1.0.443","PSt7-10","170929-005","6/6/2018 9:09:52 AM","1443-01","0","no battery","V"
"07/06/2018","12:44:48","10","default","196169367","O10","7.978","min","168.419","μmol/L","Humid","19.953","deg","120877","µV","34.237","°C","1011.000","hPa","39.0","pmil","0","55.560","deg","20.000","°C","100.000","%a.s.","22.010","deg","20.000","°C","978.000","hPa","0.861","-0.02617","0.00035","0","0","13.56","Humid","62.83","1","54.00","229760.24","SABD0001000008","AAV1.0.0.11","2.1.0.443","PSt7-10","170929-005","6/6/2018 9:09:52 AM","1443-01","0","no battery","V"
"07/06/2018","12:44:49","10","default","196169367","O10","7.994","min","168.289","μmol/L","Humid","19.954","deg","120872","µV","34.255","°C","1011.000","hPa","39.0","pmil","0","55.560","deg","20.000","°C","100.000","%a.s.","22.010","deg","20.000","°C","978.000","hPa","0.861","-0.02617","0.00035","0","0","13.56","Humid","62.83","1","54.00","229764.96","SABD0001000008","AAV1.0.0.11","2.1.0.443","PSt7-10","170929-005","6/6/2018 9:09:52 AM","1443-01","0","no battery","V"
"07/06/2018","12:44:50","10","default","196169367","O10","8.011","min","168.202","μmol/L","Humid","19.960","deg","120875","µV","34.255","°C","1011.000","hPa","39.0","pmil","0","55.560","deg","20.000","°C","100.000","%a.s.","22.010","deg","20.000","°C","978.000","hPa","0.861","-0.02617","0.00035","0","0","13.56","Humid","62.83","1","54.00","229763.42","SABD0001000008","AAV1.0.0.11","2.1.0.443","PSt7-10","170929-005","6/6/2018 9:09:52 AM","1443-01","0","no battery","V"
"07/06/2018","12:44:51","10","default","196169367","O10","8.028","min","168.345","μmol/L","Humid","19.956","deg","120881","µV","34.241","°C","1011.000","hPa","39.0","pmil","0","55.560","deg","20.000","°C","100.000","%a.s.","22.010","deg","20.000","°C","978.000","hPa","0.861","-0.02617","0.00035","0","0","13.56","Humid","62.83","1","54.00","229760.25","SABD0001000008","AAV1.0.0.11","2.1.0.443","PSt7-10","170929-005","6/6/2018 9:09:52 AM","1443-01","0","no battery","V"
"07/06/2018","12:44:52","10","default","196169367","O10","8.044","min","168.371","μmol/L","Humid","19.954","deg","120879","µV","34.242","°C","1011.000","hPa","39.0","pmil","0","55.560","deg","20.000","°C","100.000","%a.s.","22.010","deg","20.000","°C","978.000","hPa","0.861","-0.02617","0.00035","0","0","13.56","Humid","62.83","1","54.00","229767.63","SABD0001000008","AAV1.0.0.11","2.1.0.443","PSt7-10","170929-005","6/6/2018 9:09:52 AM","1443-01","0","no battery","V"
"07/06/2018","12:44:53","10","default","196169367","O10","8.061","min","168.307","μmol/L","Humid","19.960","deg","120880","µV","34.237","°C","1011.000","hPa","39.0","pmil","0","55.560","deg","20.000","°C","100.000","%a.s.","22.010","deg","20.000","°C","978.000","hPa","0.861","-0.02617","0.00035","0","0","13.56","Humid","62.83","1","54.00","229763.90","SABD0001000008","AAV1.0.0.11","2.1.0.443","PSt7-10","170929-005","6/6/2018 9:09:52 AM","1443-01","0","no battery","V"
"07/06/2018","12:44:54","10","default","196169367","O10","8.078","min","168.245","μmol/L","Humid","19.961","deg","120883","µV","34.245","°C","1011.000","hPa","39.0","pmil","0","55.560","deg","20.000","°C","100.000","%a.s.","22.010","deg","20.000","°C","978.000","hPa","0.861","-0.02617","0.00035","0","0","13.56","Humid","62.83","1","54.00","229768.58","SABD0001000008","AAV1.0.0.11","2.1.0.443","PSt7-10","170929-005","6/6/2018 9:09:52 AM","1443-01","0","no battery","V"
"07/06/2018","12:44:55","10","default","196169367","O10","8.094","min","168.333","μmol/L","Humid","19.959","deg","120891","µV","34.236","°C","1011.000","hPa","39.0","pmil","0","55.560","deg","20.000","°C","100.000","%a.s.","22.010","deg","20.000","°C","978.000","hPa","0.861","-0.02617","0.00035","0","0","13.56","Humid","62.83","1","54.00","229765.19","SABD0001000008","AAV1.0.0.11","2.1.0.443","PSt7-10","170929-005","6/6/2018 9:09:52 AM","1443-01","0","no battery","V"
"07/06/2018","12:44:56","10","default","196169367","O10","8.112","min","168.375","μmol/L","Humid","19.959","deg","120903","µV","34.229","°C","1011.000","hPa","39.0","pmil","0","55.560","deg","20.000","°C","100.000","%a.s.","22.010","deg","20.000","°C","978.000","hPa","0.861","-0.02617","0.00035","0","0","13.56","Humid","62.83","1","54.00","229767.25","SABD0001000008","AAV1.0.0.11","2.1.0.443","PSt7-10","170929-005","6/6/2018 9:09:52 AM","1443-01","0","no battery","V"
"07/06/2018","12:44:57","10","default","196169367","O10","8.128","min","168.310","μmol/L","Humid","19.959","deg","120909","µV","34.239","°C","1011.000","hPa","39.0","pmil","0","55.560","deg","20.000","°C","100.000","%a.s.","22.010","deg","20.000","°C","978.000","hPa","0.861","-0.02617","0.00035","0","0","13.56","Humid","62.83","1","54.00","229764.35","SABD0001000008","AAV1.0.0.11","2.1.0.443","PSt7-10","170929-005","6/6/2018 9:09:52 AM","1443-01","0","no battery","V"
"07/06/2018","12:44:58","10","default","196169367","O10","8.144","min","168.241","μmol/L","Humid","19.962","deg","120904","µV","34.243","°C","1011.000","hPa","39.0","pmil","0","55.560","deg","20.000","°C","100.000","%a.s.","22.010","deg","20.000","°C","978.000","hPa","0.861","-0.02617","0.00035","0","0","13.56","Humid","62.83","1","54.00","229769.63","SABD0001000008","AAV1.0.0.11","2.1.0.443","PSt7-10","170929-005","6/6/2018 9:09:52 AM","1443-01","0","no battery","V"
"07/06/2018","12:44:59","10","default","196169367","O10","8.161","min","168.212","μmol/L","Humid","19.963","deg","120909","µV","34.245","°C","1011.000","hPa","39.0","pmil","0","55.560","deg","20.000","°C","100.000","%a.s.","22.010","deg","20.000","°C","978.000","hPa","0.861","-0.02617","0.00035","0","0","13.56","Humid","62.83","1","54.00","229766.35","SABD0001000008","AAV1.0.0.11","2.1.0.443","PSt7-10","170929-005","6/6/2018 9:09:52 AM","1443-01","0","no battery","V"
"07/06/2018","12:45:00","10","default","196169367","O10","8.177","min","168.281","μmol/L","Humid","19.963","deg","120895","µV","34.234","°C","1011.000","hPa","39.0","pmil","0","55.560","deg","20.000","°C","100.000","%a.s.","22.010","deg","20.000","°C","978.000","hPa","0.861","-0.02617","0.00035","0","0","13.56","Humid","62.83","1","54.00","229765.29","SABD0001000008","AAV1.0.0.11","2.1.0.443","PSt7-10","170929-005","6/6/2018 9:09:52 AM","1443-01","0","no battery","V"
"07/06/2018","12:45:01","10","default","196169367","O10","8.195","min","168.259","μmol/L","Humid","19.963","deg","120915","µV","34.237","°C","1011.000","hPa","39.0","pmil","0","55.560","deg","20.000","°C","100.000","%a.s.","22.010","deg","20.000","°C","978.000","hPa","0.861","-0.02617","0.00035","0","0","13.56","Humid","62.83","1","54.00","229757.42","SABD0001000008","AAV1.0.0.11","2.1.0.443","PSt7-10","170929-005","6/6/2018 9:09:52 AM","1443-01","0","no battery","V"
"07/06/2018","12:45:02","10","default","196169367","O10","8.211","min","168.268","μmol/L","Humid","19.964","deg","120915","µV","34.233","°C","1011.000","hPa","39.0","pmil","0","55.560","deg","20.000","°C","100.000","%a.s.","22.010","deg","20.000","°C","978.000","hPa","0.861","-0.02617","0.00035","0","0","13.56","Humid","62.83","1","54.00","229765.46","SABD0001000008","AAV1.0.0.11","2.1.0.443","PSt7-10","170929-005","6/6/2018 9:09:52 AM","1443-01","0","no battery","V"
"07/06/2018","12:45:03","10","default","196169367","O10","8.227","min","168.305","μmol/L","Humid","19.962","deg","120929","µV","34.232","°C","1011.000","hPa","39.0","pmil","0","55.560","deg","20.000","°C","100.000","%a.s.","22.010","deg","20.000","°C","978.000","hPa","0.861","-0.02617","0.00035","0","0","13.56","Humid","62.83","1","54.00","229768.20","SABD0001000008","AAV1.0.0.11","2.1.0.443","PSt7-10","170929-005","6/6/2018 9:09:52 AM","1443-01","0","no battery","V"
"07/06/2018","12:45:04","10","default","196169367","O10","8.245","min","168.183","μmol/L","Humid","19.967","deg","120933","µV","34.240","°C","1011.000","hPa","39.0","pmil","0","55.560","deg","20.000","°C","100.000","%a.s.","22.010","deg","20.000","°C","978.000","hPa","0.861","-0.02617","0.00035","0","0","13.56","Humid","62.83","1","54.00","229768.98","SABD0001000008","AAV1.0.0.11","2.1.0.443","PSt7-10","170929-005","6/6/2018 9:09:52 AM","1443-01","0","no battery","V"
"07/06/2018","12:45:05","10","default","196169367","O10","8.261","min","168.277","μmol/L","Humid","19.962","deg","120929","µV","34.237","°C","1011.000","hPa","39.0","pmil","0","55.560","deg","20.000","°C","100.000","%a.s.","22.010","deg","20.000","°C","978.000","hPa","0.861","-0.02617","0.00035","0","0","13.56","Humid","62.83","1","54.00","229764.00","SABD0001000008","AAV1.0.0.11","2.1.0.443","PSt7-10","170929-005","6/6/2018 9:09:52 AM","1443-01","0","no battery","V"
"07/06/2018","12:45:06","10","default","196169367","O10","8.277","min","168.186","μmol/L","Humid","19.967","deg","120928","µV","34.239","°C","1011.000","hPa","39.0","pmil","0","55.560","deg","20.000","°C","100.000","%a.s.","22.010","deg","20.000","°C","978.000","hPa","0.861","-0.02617","0.00035","0","0","13.56","Humid","62.83","1","54.00","229763.10","SABD0001000008","AAV1.0.0.11","2.1.0.443","PSt7-10","170929-005","6/6/2018 9:09:52 AM","1443-01","0","no battery","V"
"07/06/2018","12:45:07","10","default","196169367","O10","8.295","min","168.298","μmol/L","Humid","19.967","deg","120935","µV","34.221","°C","1011.000","hPa","39.0","pmil","0","55.560","deg","20.000","°C","100.000","%a.s.","22.010","deg","20.000","°C","978.000","hPa","0.861","-0.02617","0.00035","0","0","13.56","Humid","62.83","1","54.00","229772.08","SABD0001000008","AAV1.0.0.11","2.1.0.443","PSt7-10","170929-005","6/6/2018 9:09:52 AM","1443-01","0","no battery","V"
"07/06/2018","12:45:08","10","default","196169367","O10","8.311","min","168.084","μmol/L","Humid","19.970","deg","120942","µV","34.249","°C","1011.000","hPa","39.0","pmil","0","55.560","deg","20.000","°C","100.000","%a.s.","22.010","deg","20.000","°C","978.000","hPa","0.861","-0.02617","0.00035","0","0","13.56","Humid","62.83","1","54.00","229767.98","SABD0001000008","AAV1.0.0.11","2.1.0.443","PSt7-10","170929-005","6/6/2018 9:09:52 AM","1443-01","0","no battery","V"
"07/06/2018","12:45:09","10","default","196169367","O10","8.327","min","168.219","μmol/L","Humid","19.966","deg","120958","µV","34.236","°C","1011.000","hPa","39.0","pmil","0","55.560","deg","20.000","°C","100.000","%a.s.","22.010","deg","20.000","°C","978.000","hPa","0.861","-0.02617","0.00035","0","0","13.56","Humid","62.83","1","54.00","229773.10","SABD0001000008","AAV1.0.0.11","2.1.0.443","PSt7-10","170929-005","6/6/2018 9:09:52 AM","1443-01","0","no battery","V"
"07/06/2018","12:45:10","10","default","196169367","O10","8.344","min","168.000","μmol/L","Humid","19.976","deg","120958","µV","34.247","°C","1011.000","hPa","39.0","pmil","0","55.560","deg","20.000","°C","100.000","%a.s.","22.010","deg","20.000","°C","978.000","hPa","0.861","-0.02617","0.00035","0","0","13.56","Humid","62.83","1","54.00","229775.03","SABD0001000008","AAV1.0.0.11","2.1.0.443","PSt7-10","170929-005","6/6/2018 9:09:52 AM","1443-01","0","no battery","V"
"07/06/2018","12:45:11","10","default","196169367","O10","8.361","min","168.157","μmol/L","Humid","19.971","deg","120957","µV","34.234","°C","1011.000","hPa","39.0","pmil","0","55.560","deg","20.000","°C","100.000","%a.s.","22.010","deg","20.000","°C","978.000","hPa","0.861","-0.02617","0.00035","0","0","13.56","Humid","62.83","1","54.00","229769.51","SABD0001000008","AAV1.0.0.11","2.1.0.443","PSt7-10","170929-005","6/6/2018 9:09:52 AM","1443-01","0","no battery","V"
"07/06/2018","12:45:12","10","default","196169367","O10","8.378","min","168.151","μmol/L","Humid","19.971","deg","120957","µV","34.235","°C","1011.000","hPa","39.0","pmil","0","55.560","deg","20.000","°C","100.000","%a.s.","22.010","deg","20.000","°C","978.000","hPa","0.861","-0.02617","0.00035","0","0","13.56","Humid","62.83","1","54.00","229777.12","SABD0001000008","AAV1.0.0.11","2.1.0.443","PSt7-10","170929-005","6/6/2018 9:09:52 AM","1443-01","0","no battery","V"
"07/06/2018","12:45:13","10","default","196169367","O10","8.394","min","168.154","μmol/L","Humid","19.970","deg","120965","µV","34.237","°C","1011.000","hPa","39.0","pmil","0","55.560","deg","20.000","°C","100.000","%a.s.","22.010","deg","20.000","°C","978.000","hPa","0.861","-0.02617","0.00035","0","0","13.56","Humid","62.83","1","54.00","229764.41","SABD0001000008","AAV1.0.0.11","2.1.0.443","PSt7-10","170929-005","6/6/2018 9:09:52 AM","1443-01","0","no battery","V"
"07/06/2018","12:45:14","10","default","196169367","O10","8.411","min","168.021","μmol/L","Humid","19.976","deg","120964","µV","34.244","°C","1011.000","hPa","39.0","pmil","0","55.560","deg","20.000","°C","100.000","%a.s.","22.010","deg","20.000","°C","978.000","hPa","0.861","-0.02617","0.00035","0","0","13.56","Humid","62.83","1","54.00","229753.19","SABD0001000008","AAV1.0.0.11","2.1.0.443","PSt7-10","170929-005","6/6/2018 9:09:52 AM","1443-01","0","no battery","V"
"07/06/2018","12:45:15","10","default","196169367","O10","8.427","min","168.106","μmol/L","Humid","19.973","deg","120961","µV","34.237","°C","1011.000","hPa","39.0","pmil","0","55.560","deg","20.000","°C","100.000","%a.s.","22.010","deg","20.000","°C","978.000","hPa","0.861","-0.02617","0.00035","0","0","13.56","Humid","62.83","1","54.00","229753.87","SABD0001000008","AAV1.0.0.11","2.1.0.443","PSt7-10","170929-005","6/6/2018 9:09:52 AM","1443-01","0","no battery","V"
"07/06/2018","12:45:16","10","default","196169367","O10","8.445","min","168.183","μmol/L","Humid","19.969","deg","120975","µV","34.235","°C","1011.000","hPa","39.0","pmil","0","55.560","deg","20.000","°C","100.000","%a.s.","22.010","deg","20.000","°C","978.000","hPa","0.861","-0.02617","0.00035","0","0","13.56","Humid","62.83","1","54.00","229753.73","SABD0001000008","AAV1.0.0.11","2.1.0.443","PSt7-10","170929-005","6/6/2018 9:09:52 AM","1443-01","0","no battery","V"
"07/06/2018","12:45:17","10","default","196169367","O10","8.461","min","168.103","μmol/L","Humid","19.976","deg","120973","µV","34.230","°C","1011.000","hPa","39.0","pmil","0","55.560","deg","20.000","°C","100.000","%a.s.","22.010","deg","20.000","°C","978.000","hPa","0.861","-0.02617","0.00035","0","0","13.56","Humid","62.83","1","54.00","229761.14","SABD0001000008","AAV1.0.0.11","2.1.0.443","PSt7-10","170929-005","6/6/2018 9:09:52 AM","1443-01","0","no battery","V"
"07/06/2018","12:45:18","10","default","196169367","O10","8.478","min","168.140","μmol/L","Humid","19.975","deg","120982","µV","34.227","°C","1011.000","hPa","39.0","pmil","0","55.560","deg","20.000","°C","100.000","%a.s.","22.010","deg","20.000","°C","978.000","hPa","0.861","-0.02617","0.00035","0","0","13.56","Humid","62.83","1","54.00","229768.78","SABD0001000008","AAV1.0.0.11","2.1.0.443","PSt7-10","170929-005","6/6/2018 9:09:52 AM","1443-01","0","no battery","V"
"07/06/2018","12:45:19","10","default","196169367","O10","8.494","min","168.060","μmol/L","Humid","19.973","deg","120986","µV","34.245","°C","1011.000","hPa","39.0","pmil","0","55.560","deg","20.000","°C","100.000","%a.s.","22.010","deg","20.000","°C","978.000","hPa","0.861","-0.02617","0.00035","0","0","13.56","Humid","62.83","1","54.00","229764.76","SABD0001000008","AAV1.0.0.11","2.1.0.443","PSt7-10","170929-005","6/6/2018 9:09:52 AM","1443-01","0","no battery","V"
"07/06/2018","12:45:20","10","default","196169367","O10","8.511","min","168.089","μmol/L","Humid","19.973","deg","120983","µV","34.240","°C","1011.000","hPa","39.0","pmil","0","55.560","deg","20.000","°C","100.000","%a.s.","22.010","deg","20.000","°C","978.000","hPa","0.861","-0.02617","0.00035","0","0","13.56","Humid","62.83","1","54.00","229755.40","SABD0001000008","AAV1.0.0.11","2.1.0.443","PSt7-10","170929-005","6/6/2018 9:09:52 AM","1443-01","0","no battery","V"
"07/06/2018","12:45:21","10","default","196169367","O10","8.527","min","168.107","μmol/L","Humid","19.977","deg","120993","µV","34.227","°C","1011.000","hPa","39.0","pmil","0","55.560","deg","20.000","°C","100.000","%a.s.","22.010","deg","20.000","°C","978.000","hPa","0.861","-0.02617","0.00035","0","0","13.56","Humid","62.83","1","54.00","229770.39","SABD0001000008","AAV1.0.0.11","2.1.0.443","PSt7-10","170929-005","6/6/2018 9:09:52 AM","1443-01","0","no battery","V"
"07/06/2018","12:45:22","10","default","196169367","O10","8.545","min","168.145","μmol/L","Humid","19.973","deg","120985","µV","34.231","°C","1011.000","hPa","39.0","pmil","0","55.560","deg","20.000","°C","100.000","%a.s.","22.010","deg","20.000","°C","978.000","hPa","0.861","-0.02617","0.00035","0","0","13.56","Humid","62.83","1","54.00","229760.46","SABD0001000008","AAV1.0.0.11","2.1.0.443","PSt7-10","170929-005","6/6/2018 9:09:52 AM","1443-01","0","no battery","V"
"07/06/2018","12:45:23","10","default","196169367","O10","8.561","min","167.976","μmol/L","Humid","19.977","deg","120989","µV","34.249","°C","1011.000","hPa","39.0","pmil","0","55.560","deg","20.000","°C","100.000","%a.s.","22.010","deg","20.000","°C","978.000","hPa","0.861","-0.02617","0.00035","0","0","13.56","Humid","62.83","1","54.00","229761.27","SABD0001000008","AAV1.0.0.11","2.1.0.443","PSt7-10","170929-005","6/6/2018 9:09:52 AM","1443-01","0","no battery","V"
"07/06/2018","12:45:24","10","default","196169367","O10","8.578","min","168.057","μmol/L","Humid","19.973","deg","120987","µV","34.246","°C","1011.000","hPa","39.0","pmil","0","55.560","deg","20.000","°C","100.000","%a.s.","22.010","deg","20.000","°C","978.000","hPa","0.861","-0.02617","0.00035","0","0","13.56","Humid","62.83","1","54.00","229759.72","SABD0001000008","AAV1.0.0.11","2.1.0.443","PSt7-10","170929-005","6/6/2018 9:09:52 AM","1443-01","0","no battery","V"
"07/06/2018","12:45:25","10","default","196169367","O10","8.594","min","168.113","μmol/L","Humid","19.978","deg","120991","µV","34.224","°C","1011.000","hPa","39.0","pmil","0","55.560","deg","20.000","°C","100.000","%a.s.","22.010","deg","20.000","°C","978.000","hPa","0.861","-0.02617","0.00035","0","0","13.56","Humid","62.83","1","54.00","229748.80","SABD0001000008","AAV1.0.0.11","2.1.0.443","PSt7-10","170929-005","6/6/2018 9:09:52 AM","1443-01","0","no battery","V"
"07/06/2018","12:45:26","10","default","196169367","O10","8.611","min","168.112","μmol/L","Humid","19.977","deg","120988","µV","34.226","°C","1011.000","hPa","39.0","pmil","0","55.560","deg","20.000","°C","100.000","%a.s.","22.010","deg","20.000","°C","978.000","hPa","0.861","-0.02617","0.00035","0","0","13.56","Humid","62.83","1","54.00","229753.83","SABD0001000008","AAV1.0.0.11","2.1.0.443","PSt7-10","170929-005","6/6/2018 9:09:52 AM","1443-01","0","no battery","V"
"07/06/2018","12:45:27","10","default","196169367","O10","8.627","min","167.870","μmol/L","Humid","19.977","deg","120997","µV","34.266","°C","1011.000","hPa","39.0","pmil","0","55.560","deg","20.000","°C","100.000","%a.s.","22.010","deg","20.000","°C","978.000","hPa","0.861","-0.02617","0.00035","0","0","13.56","Humid","62.83","1","54.00","229756.46","SABD0001000008","AAV1.0.0.11","2.1.0.443","PSt7-10","170929-005","6/6/2018 9:09:52 AM","1443-01","0","no battery","V"
"07/06/2018","12:45:28","10","default","196169367","O10","8.644","min","167.933","μmol/L","Humid","19.979","deg","120998","µV","34.251","°C","1011.000","hPa","39.0","pmil","0","55.560","deg","20.000","°C","100.000","%a.s.","22.010","deg","20.000","°C","978.000","hPa","0.861","-0.02617","0.00035","0","0","13.56","Humid","62.83","1","54.00","229760.81","SABD0001000008","AAV1.0.0.11","2.1.0.443","PSt7-10","170929-005","6/6/2018 9:09:52 AM","1443-01","0","no battery","V"
"07/06/2018","12:45:29","10","default","196169367","O10","8.661","min","168.002","μmol/L","Humid","19.975","deg","121004","µV","34.250","°C","1011.000","hPa","39.0","pmil","0","55.560","deg","20.000","°C","100.000","%a.s.","22.010","deg","20.000","°C","978.000","hPa","0.861","-0.02617","0.00035","0","0","13.56","Humid","62.83","1","54.00","229763.86","SABD0001000008","AAV1.0.0.11","2.1.0.443","PSt7-10","170929-005","6/6/2018 9:09:52 AM","1443-01","0","no battery","V"
"07/06/2018","12:45:30","10","default","196169367","O10","8.678","min","168.005","μmol/L","Humid","19.977","deg","120997","µV","34.244","°C","1011.000","hPa","39.0","pmil","0","55.560","deg","20.000","°C","100.000","%a.s.","22.010","deg","20.000","°C","978.000","hPa","0.861","-0.02617","0.00035","0","0","13.56","Humid","62.83","1","54.00","229761.75","SABD0001000008","AAV1.0.0.11","2.1.0.443","PSt7-10","170929-005","6/6/2018 9:09:52 AM","1443-01","0","no battery","V"
"07/06/2018","12:45:31","10","default","196169367","O10","8.695","min","167.937","μmol/L","Humid","19.979","deg","121003","µV","34.250","°C","1011.000","hPa","39.0","pmil","0","55.560","deg","20.000","°C","100.000","%a.s.","22.010","deg","20.000","°C","978.000","hPa","0.861","-0.02617","0.00035","0","0","13.56","Humid","62.83","1","54.00","229764.51","SABD0001000008","AAV1.0.0.11","2.1.0.443","PSt7-10","170929-005","6/6/2018 9:09:52 AM","1443-01","0","no battery","V"
"07/06/2018","12:45:32","10","default","196169367","O10","8.712","min","167.925","μmol/L","Humid","19.983","deg","121007","µV","34.242","°C","1011.000","hPa","39.0","pmil","0","55.560","deg","20.000","°C","100.000","%a.s.","22.010","deg","20.000","°C","978.000","hPa","0.861","-0.02617","0.00035","0","0","13.56","Humid","62.83","1","54.00","229756.43","SABD0001000008","AAV1.0.0.11","2.1.0.443","PSt7-10","170929-005","6/6/2018 9:09:52 AM","1443-01","0","no battery","V"
"07/06/2018","12:45:33","10","default","196169367","O10","8.727","min","167.969","μmol/L","Humid","19.980","deg","121004","µV","34.242","°C","1011.000","hPa","39.0","pmil","0","55.560","deg","20.000","°C","100.000","%a.s.","22.010","deg","20.000","°C","978.000","hPa","0.861","-0.02617","0.00035","0","0","13.56","Humid","62.83","1","54.00","229749.85","SABD0001000008","AAV1.0.0.11","2.1.0.443","PSt7-10","170929-005","6/6/2018 9:09:52 AM","1443-01","0","no battery","V"
"07/06/2018","12:45:34","10","default","196169367","O10","8.744","min","168.040","μmol/L","Humid","19.977","deg","121020","µV","34.238","°C","1011.000","hPa","39.0","pmil","0","55.560","deg","20.000","°C","100.000","%a.s.","22.010","deg","20.000","°C","978.000","hPa","0.861","-0.02617","0.00035","0","0","13.56","Humid","62.83","1","54.00","229770.23","SABD0001000008","AAV1.0.0.11","2.1.0.443","PSt7-10","170929-005","6/6/2018 9:09:52 AM","1443-01","0","no battery","V"
"07/06/2018","12:45:35","10","default","196169367","O10","8.761","min","168.081","μmol/L","Humid","19.979","deg","121013","µV","34.226","°C","1011.000","hPa","39.0","pmil","0","55.560","deg","20.000","°C","100.000","%a.s.","22.010","deg","20.000","°C","978.000","hPa","0.861","-0.02617","0.00035","0","0","13.56","Humid","62.83","1","54.00","229753.80","SABD0001000008","AAV1.0.0.11","2.1.0.443","PSt7-10","170929-005","6/6/2018 9:09:52 AM","1443-01","0","no battery","V"
"07/06/2018","12:45:36","10","default","196169367","O10","8.778","min","168.013","μmol/L","Humid","19.980","deg","121022","µV","34.235","°C","1011.000","hPa","39.0","pmil","0","55.560","deg","20.000","°C","100.000","%a.s.","22.010","deg","20.000","°C","978.000","hPa","0.861","-0.02617","0.00035","0","0","13.56","Humid","62.83","1","54.00","229753.70","SABD0001000008","AAV1.0.0.11","2.1.0.443","PSt7-10","170929-005","6/6/2018 9:09:52 AM","1443-01","0","no battery","V"
"07/06/2018","12:45:37","10","default","196169367","O10","8.794","min","167.927","μmol/L","Humid","19.980","deg","121018","µV","34.249","°C","1011.000","hPa","39.0","pmil","0","55.560","deg","20.000","°C","100.000","%a.s.","22.010","deg","20.000","°C","978.000","hPa","0.861","-0.02617","0.00035","0","0","13.56","Humid","62.83","1","54.00","229761.73","SABD0001000008","AAV1.0.0.11","2.1.0.443","PSt7-10","170929-005","6/6/2018 9:09:52 AM","1443-01","0","no battery","V"
"07/06/2018","12:45:38","10","default","196169367","O10","8.811","min","168.008","μmol/L","Humid","19.983","deg","121020","µV","34.228","°C","1011.000","hPa","39.0","pmil","0","55.560","deg","20.000","°C","100.000","%a.s.","22.010","deg","20.000","°C","978.000","hPa","0.861","-0.02617","0.00035","0","0","13.56","Humid","62.83","1","54.00","229753.15","SABD0001000008","AAV1.0.0.11","2.1.0.443","PSt7-10","170929-005","6/6/2018 9:09:52 AM","1443-01","0","no battery","V"
"07/06/2018","12:45:39","10","default","196169367","O10","8.827","min","168.000","μmol/L","Humid","19.981","deg","121024","µV","34.235","°C","1011.000","hPa","39.0","pmil","0","55.560","deg","20.000","°C","100.000","%a.s.","22.010","deg","20.000","°C","978.000","hPa","0.861","-0.02617","0.00035","0","0","13.56","Humid","62.83","1","54.00","229763.03","SABD0001000008","AAV1.0.0.11","2.1.0.443","PSt7-10","170929-005","6/6/2018 9:09:52 AM","1443-01","0","no battery","V"
"07/06/2018","12:45:40","10","default","196169367","O10","8.844","min","168.045","μmol/L","Humid","19.981","deg","121018","µV","34.227","°C","1011.000","hPa","39.0","pmil","0","55.560","deg","20.000","°C","100.000","%a.s.","22.010","deg","20.000","°C","978.000","hPa","0.861","-0.02617","0.00035","0","0","13.56","Humid","62.83","1","54.00","229745.39","SABD0001000008","AAV1.0.0.11","2.1.0.443","PSt7-10","170929-005","6/6/2018 9:09:52 AM","1443-01","0","no battery","V"
"07/06/2018","12:45:41","10","default","196169367","O10","8.861","min","167.950","μmol/L","Humid","19.982","deg","121027","µV","34.240","°C","1011.000","hPa","39.0","pmil","0","55.560","deg","20.000","°C","100.000","%a.s.","22.010","deg","20.000","°C","978.000","hPa","0.861","-0.02617","0.00035","0","0","13.56","Humid","62.83","1","54.00","229745.05","SABD0001000008","AAV1.0.0.11","2.1.0.443","PSt7-10","170929-005","6/6/2018 9:09:52 AM","1443-01","0","no battery","V"
"07/06/2018","12:45:42","10","default","196169367","O10","8.878","min","168.059","μmol/L","Humid","19.979","deg","121011","µV","34.230","°C","1011.000","hPa","39.0","pmil","0","55.560","deg","20.000","°C","100.000","%a.s.","22.010","deg","20.000","°C","978.000","hPa","0.861","-0.02617","0.00035","0","0","13.56","Humid","62.83","1","54.00","229752.93","SABD0001000008","AAV1.0.0.11","2.1.0.443","PSt7-10","170929-005","6/6/2018 9:09:52 AM","1443-01","0","no battery","V"
"07/06/2018","12:45:43","10","default","196169367","O10","8.894","min","167.971","μmol/L","Humid","19.982","deg","120994","µV","34.237","°C","1011.000","hPa","39.0","pmil","0","55.560","deg","20.000","°C","100.000","%a.s.","22.010","deg","20.000","°C","978.000","hPa","0.861","-0.02617","0.00035","0","0","13.56","Humid","62.83","1","54.00","229753.99","SABD0001000008","AAV1.0.0.11","2.1.0.443","PSt7-10","170929-005","6/6/2018 9:09:52 AM","1443-01","0","no battery","V"
"07/06/2018","12:45:44","10","default","196169367","O10","8.911","min","168.041","μmol/L","Humid","19.982","deg","121021","µV","34.225","°C","1011.000","hPa","39.0","pmil","0","55.560","deg","20.000","°C","100.000","%a.s.","22.010","deg","20.000","°C","978.000","hPa","0.861","-0.02617","0.00035","0","0","13.56","Humid","62.83","1","54.00","229756.36","SABD0001000008","AAV1.0.0.11","2.1.0.443","PSt7-10","170929-005","6/6/2018 9:09:52 AM","1443-01","0","no battery","V"
"07/06/2018","12:45:45","10","default","196169367","O10","8.928","min","167.849","μmol/L","Humid","19.986","deg","120944","µV","34.247","°C","1011.000","hPa","39.0","pmil","0","55.560","deg","20.000","°C","100.000","%a.s.","22.010","deg","20.000","°C","978.000","hPa","0.861","-0.02617","0.00035","0","0","13.56","Humid","62.83","1","54.00","229749.43","SABD0001000008","AAV1.0.0.11","2.1.0.443","PSt7-10","170929-005","6/6/2018 9:09:52 AM","1443-01","0","no battery","V"
"07/06/2018","12:45:46","10","default","196169367","O10","8.944","min","167.785","μmol/L","Humid","19.988","deg","121016","µV","34.252","°C","1011.000","hPa","39.0","pmil","0","55.560","deg","20.000","°C","100.000","%a.s.","22.010","deg","20.000","°C","978.000","hPa","0.861","-0.02617","0.00035","0","0","13.56","Humid","62.83","1","54.00","229749.87","SABD0001000008","AAV1.0.0.11","2.1.0.443","PSt7-10","170929-005","6/6/2018 9:09:52 AM","1443-01","0","no battery","V"
"07/06/2018","12:45:47","10","default","196169367","O10","8.961","min","167.770","μmol/L","Humid","19.985","deg","121090","µV","34.263","°C","1011.000","hPa","39.0","pmil","0","55.560","deg","20.000","°C","100.000","%a.s.","22.010","deg","20.000","°C","978.000","hPa","0.861","-0.02617","0.00035","0","0","13.56","Humid","62.83","1","54.00","229762.43","SABD0001000008","AAV1.0.0.11","2.1.0.443","PSt7-10","170929-005","6/6/2018 9:09:52 AM","1443-01","0","no battery","V"
"07/06/2018","12:45:48","10","default","196169367","O10","8.978","min","167.897","μmol/L","Humid","19.984","deg","121031","µV","34.244","°C","1011.000","hPa","39.0","pmil","0","55.560","deg","20.000","°C","100.000","%a.s.","22.010","deg","20.000","°C","978.000","hPa","0.861","-0.02617","0.00035","0","0","13.56","Humid","62.83","1","54.00","229750.90","SABD0001000008","AAV1.0.0.11","2.1.0.443","PSt7-10","170929-005","6/6/2018 9:09:52 AM","1443-01","0","no battery","V"
"07/06/2018","12:45:49","10","default","196169367","O10","8.994","min","167.827","μmol/L","Humid","19.987","deg","121089","µV","34.248","°C","1011.000","hPa","39.0","pmil","0","55.560","deg","20.000","°C","100.000","%a.s.","22.010","deg","20.000","°C","978.000","hPa","0.861","-0.02617","0.00035","0","0","13.56","Humid","62.83","1","54.00","229758.28","SABD0001000008","AAV1.0.0.11","2.1.0.443","PSt7-10","170929-005","6/6/2018 9:09:52 AM","1443-01","0","no battery","V"
"07/06/2018","12:45:50","10","default","196169367","O10","9.011","min","167.893","μmol/L","Humid","19.986","deg","121020","µV","34.240","°C","1011.000","hPa","39.0","pmil","0","55.560","deg","20.000","°C","100.000","%a.s.","22.010","deg","20.000","°C","978.000","hPa","0.861","-0.02617","0.00035","0","0","13.56","Humid","62.83","1","54.00","229755.77","SABD0001000008","AAV1.0.0.11","2.1.0.443","PSt7-10","170929-005","6/6/2018 9:09:52 AM","1443-01","0","no battery","V"
"07/06/2018","12:45:51","10","default","196169367","O10","9.028","min","167.830","μmol/L","Humid","19.987","deg","121006","µV","34.248","°C","1011.000","hPa","39.0","pmil","0","55.560","deg","20.000","°C","100.000","%a.s.","22.010","deg","20.000","°C","978.000","hPa","0.861","-0.02617","0.00035","0","0","13.56","Humid","62.83","1","54.00","229763.37","SABD0001000008","AAV1.0.0.11","2.1.0.443","PSt7-10","170929-005","6/6/2018 9:09:52 AM","1443-01","0","no battery","V"
"07/06/2018","12:45:52","10","default","196169367","O10","9.045","min","167.793","μmol/L","Humid","19.989","deg","120998","µV","34.249","°C","1011.000","hPa","39.0","pmil","0","55.560","deg","20.000","°C","100.000","%a.s.","22.010","deg","20.000","°C","978.000","hPa","0.861","-0.02617","0.00035","0","0","13.56","Humid","62.83","1","54.00","229759.99","SABD0001000008","AAV1.0.0.11","2.1.0.443","PSt7-10","170929-005","6/6/2018 9:09:52 AM","1443-01","0","no battery","V"
"07/06/2018","12:45:53","10","default","196169367","O10","9.061","min","167.788","μmol/L","Humid","19.987","deg","121001","µV","34.255","°C","1011.000","hPa","39.0","pmil","0","55.560","deg","20.000","°C","100.000","%a.s.","22.010","deg","20.000","°C","978.000","hPa","0.861","-0.02617","0.00035","0","0","13.56","Humid","62.83","1","54.00","229761.61","SABD0001000008","AAV1.0.0.11","2.1.0.443","PSt7-10","170929-005","6/6/2018 9:09:52 AM","1443-01","0","no battery","V"
"07/06/2018","12:45:54","10","default","196169367","O10","9.078","min","167.894","μmol/L","Humid","19.989","deg","121004","µV","34.232","°C","1011.000","hPa","39.0","pmil","0","55.560","deg","20.000","°C","100.000","%a.s.","22.010","deg","20.000","°C","978.000","hPa","0.861","-0.02617","0.00035","0","0","13.56","Humid","62.83","1","54.00","229763.79","SABD0001000008","AAV1.0.0.11","2.1.0.443","PSt7-10","170929-005","6/6/2018 9:09:52 AM","1443-01","0","no battery","V"
"07/06/2018","12:45:55","10","default","196169367","O10","9.094","min","167.841","μmol/L","Humid","19.987","deg","121003","µV","34.246","°C","1011.000","hPa","39.0","pmil","0","55.560","deg","20.000","°C","100.000","%a.s.","22.010","deg","20.000","°C","978.000","hPa","0.861","-0.02617","0.00035","0","0","13.56","Humid","62.83","1","54.00","229758.87","SABD0001000008","AAV1.0.0.11","2.1.0.443","PSt7-10","170929-005","6/6/2018 9:09:52 AM","1443-01","0","no battery","V"
"07/06/2018","12:45:56","10","default","196169367","O10","9.111","min","167.847","μmol/L","Humid","19.992","deg","120993","µV","34.232","°C","1011.000","hPa","39.0","pmil","0","55.560","deg","20.000","°C","100.000","%a.s.","22.010","deg","20.000","°C","978.000","hPa","0.861","-0.02617","0.00035","0","0","13.56","Humid","62.83","1","54.00","229760.55","SABD0001000008","AAV1.0.0.11","2.1.0.443","PSt7-10","170929-005","6/6/2018 9:09:52 AM","1443-01","0","no battery","V"
"07/06/2018","12:45:57","10","default","196169367","O10","9.127","min","167.899","μmol/L","Humid","19.988","deg","121006","µV","34.234","°C","1011.000","hPa","39.0","pmil","0","55.560","deg","20.000","°C","100.000","%a.s.","22.010","deg","20.000","°C","978.000","hPa","0.861","-0.02617","0.00035","0","0","13.56","Humid","62.83","1","54.00","229756.74","SABD0001000008","AAV1.0.0.11","2.1.0.443","PSt7-10","170929-005","6/6/2018 9:09:52 AM","1443-01","0","no battery","V"
"07/06/2018","12:45:58","10","default","196169367","O10","9.145","min","167.823","μmol/L","Humid","19.992","deg","121006","µV","34.236","°C","1011.000","hPa","39.0","pmil","0","55.560","deg","20.000","°C","100.000","%a.s.","22.010","deg","20.000","°C","978.000","hPa","0.861","-0.02617","0.00035","0","0","13.56","Humid","62.83","1","54.00","229762.39","SABD0001000008","AAV1.0.0.11","2.1.0.443","PSt7-10","170929-005","6/6/2018 9:09:52 AM","1443-01","0","no battery","V"
"07/06/2018","12:45:59","10","default","196169367","O10","9.161","min","167.860","μmol/L","Humid","19.989","deg","121002","µV","34.237","°C","1011.000","hPa","39.0","pmil","0","55.560","deg","20.000","°C","100.000","%a.s.","22.010","deg","20.000","°C","978.000","hPa","0.861","-0.02617","0.00035","0","0","13.56","Humid","62.83","1","54.00","229754.81","SABD0001000008","AAV1.0.0.11","2.1.0.443","PSt7-10","170929-005","6/6/2018 9:09:52 AM","1443-01","0","no battery","V"
"07/06/2018","12:46:00","10","default","196169367","O10","9.177","min","167.847","μmol/L","Humid","19.992","deg","121014","µV","34.232","°C","1011.000","hPa","39.0","pmil","0","55.560","deg","20.000","°C","100.000","%a.s.","22.010","deg","20.000","°C","978.000","hPa","0.861","-0.02617","0.00035","0","0","13.56","Humid","62.83","1","54.00","229749.08","SABD0001000008","AAV1.0.0.11","2.1.0.443","PSt7-10","170929-005","6/6/2018 9:09:52 AM","1443-01","0","no battery","V"
"07/06/2018","12:46:01","10","default","196169367","O10","9.194","min","167.785","μmol/L","Humid","19.992","deg","121012","µV","34.242","°C","1011.000","hPa","39.0","pmil","0","55.560","deg","20.000","°C","100.000","%a.s.","22.010","deg","20.000","°C","978.000","hPa","0.861","-0.02617","0.00035","0","0","13.56","Humid","62.83","1","54.00","229749.81","SABD0001000008","AAV1.0.0.11","2.1.0.443","PSt7-10","170929-005","6/6/2018 9:09:52 AM","1443-01","0","no battery","V"
"07/06/2018","12:46:02","10","default","196169367","O10","9.211","min","167.907","μmol/L","Humid","19.990","deg","121013","µV","34.227","°C","1011.000","hPa","39.0","pmil","0","55.560","deg","20.000","°C","100.000","%a.s.","22.010","deg","20.000","°C","978.000","hPa","0.861","-0.02617","0.00035","0","0","13.56","Humid","62.83","1","54.00","229759.64","SABD0001000008","AAV1.0.0.11","2.1.0.443","PSt7-10","170929-005","6/6/2018 9:09:52 AM","1443-01","0","no battery","V"
"07/06/2018","12:46:03","10","default","196169367","O10","9.228","min","167.810","μmol/L","Humid","19.992","deg","121015","µV","34.238","°C","1011.000","hPa","39.0","pmil","0","55.560","deg","20.000","°C","100.000","%a.s.","22.010","deg","20.000","°C","978.000","hPa","0.861","-0.02617","0.00035","0","0","13.56","Humid","62.83","1","54.00","229746.12","SABD0001000008","AAV1.0.0.11","2.1.0.443","PSt7-10","170929-005","6/6/2018 9:09:52 AM","1443-01","0","no battery","V"
"07/06/2018","12:46:04","10","default","196169367","O10","9.245","min","168.001","μmol/L","Humid","19.988","deg","121027","µV","34.217","°C","1011.000","hPa","39.0","pmil","0","55.560","deg","20.000","°C","100.000","%a.s.","22.010","deg","20.000","°C","978.000","hPa","0.861","-0.02617","0.00035","0","0","13.56","Humid","62.83","1","54.00","229752.08","SABD0001000008","AAV1.0.0.11","2.1.0.443","PSt7-10","170929-005","6/6/2018 9:09:52 AM","1443-01","0","no battery","V"
"07/06/2018","12:46:05","10","default","196169367","O10","9.261","min","167.704","μmol/L","Humid","19.993","deg","121023","µV","34.253","°C","1011.000","hPa","39.0","pmil","0","55.560","deg","20.000","°C","100.000","%a.s.","22.010","deg","20.000","°C","978.000","hPa","0.861","-0.02617","0.00035","0","0","13.56","Humid","62.83","1","54.00","229756.79","SABD0001000008","AAV1.0.0.11","2.1.0.443","PSt7-10","170929-005","6/6/2018 9:09:52 AM","1443-01","0","no battery","V"
"07/06/2018","12:46:06","10","default","196169367","O10","9.278","min","167.727","μmol/L","Humid","19.996","deg","121024","µV","34.242","°C","1011.000","hPa","39.0","pmil","0","55.560","deg","20.000","°C","100.000","%a.s.","22.010","deg","20.000","°C","978.000","hPa","0.861","-0.02617","0.00035","0","0","13.56","Humid","62.83","1","54.00","229749.91","SABD0001000008","AAV1.0.0.11","2.1.0.443","PSt7-10","170929-005","6/6/2018 9:09:52 AM","1443-01","0","no battery","V"
"07/06/2018","12:46:07","10","default","196169367","O10","9.295","min","167.698","μmol/L","Humid","19.993","deg","121027","µV","34.254","°C","1011.000","hPa","39.0","pmil","0","55.560","deg","20.000","°C","100.000","%a.s.","22.010","deg","20.000","°C","978.000","hPa","0.861","-0.02617","0.00035","0","0","13.56","Humid","62.83","1","54.00","229734.58","SABD0001000008","AAV1.0.0.11","2.1.0.443","PSt7-10","170929-005","6/6/2018 9:09:52 AM","1443-01","0","no battery","V"
"07/06/2018","12:46:08","10","default","196169367","O10","9.311","min","167.676","μmol/L","Humid","19.995","deg","121026","µV","34.253","°C","1011.000","hPa","39.0","pmil","0","55.560","deg","20.000","°C","100.000","%a.s.","22.010","deg","20.000","°C","978.000","hPa","0.861","-0.02617","0.00035","0","0","13.56","Humid","62.83","1","54.00","229732.49","SABD0001000008","AAV1.0.0.11","2.1.0.443","PSt7-10","170929-005","6/6/2018 9:09:52 AM","1443-01","0","no battery","V"
"07/06/2018","12:46:09","10","default","196169367","O10","9.328","min","167.783","μmol/L","Humid","19.996","deg","121028","µV","34.232","°C","1011.000","hPa","39.0","pmil","0","55.560","deg","20.000","°C","100.000","%a.s.","22.010","deg","20.000","°C","978.000","hPa","0.861","-0.02617","0.00035","0","0","13.56","Humid","62.83","1","54.00","229759.56","SABD0001000008","AAV1.0.0.11","2.1.0.443","PSt7-10","170929-005","6/6/2018 9:09:52 AM","1443-01","0","no battery","V"
"07/06/2018","12:46:10","10","default","196169367","O10","9.344","min","167.699","μmol/L","Humid","19.996","deg","121030","µV","34.246","°C","1011.000","hPa","39.0","pmil","0","55.560","deg","20.000","°C","100.000","%a.s.","22.010","deg","20.000","°C","978.000","hPa","0.861","-0.02617","0.00035","0","0","13.56","Humid","62.83","1","54.00","229753.97","SABD0001000008","AAV1.0.0.11","2.1.0.443","PSt7-10","170929-005","6/6/2018 9:09:52 AM","1443-01","0","no battery","V"
"07/06/2018","12:46:11","10","default","196169367","O10","9.361","min","167.706","μmol/L","Humid","19.996","deg","121046","µV","34.245","°C","1011.000","hPa","39.0","pmil","0","55.560","deg","20.000","°C","100.000","%a.s.","22.010","deg","20.000","°C","978.000","hPa","0.861","-0.02617","0.00035","0","0","13.56","Humid","62.83","1","54.00","229749.55","SABD0001000008","AAV1.0.0.11","2.1.0.443","PSt7-10","170929-005","6/6/2018 9:09:52 AM","1443-01","0","no battery","V"
"07/06/2018","12:46:12","10","default","196169367","O10","9.377","min","167.769","μmol/L","Humid","19.997","deg","121050","µV","34.232","°C","1011.000","hPa","39.0","pmil","0","55.560","deg","20.000","°C","100.000","%a.s.","22.010","deg","20.000","°C","978.000","hPa","0.861","-0.02617","0.00035","0","0","13.56","Humid","62.83","1","54.00","229747.86","SABD0001000008","AAV1.0.0.11","2.1.0.443","PSt7-10","170929-005","6/6/2018 9:09:52 AM","1443-01","0","no battery","V"
"07/06/2018","12:46:13","10","default","196169367","O10","9.394","min","167.718","μmol/L","Humid","19.998","deg","121044","µV","34.238","°C","1011.000","hPa","39.0","pmil","0","55.560","deg","20.000","°C","100.000","%a.s.","22.010","deg","20.000","°C","978.000","hPa","0.861","-0.02617","0.00035","0","0","13.56","Humid","62.83","1","54.00","229748.35","SABD0001000008","AAV1.0.0.11","2.1.0.443","PSt7-10","170929-005","6/6/2018 9:09:52 AM","1443-01","0","no battery","V"
"07/06/2018","12:46:14","10","default","196169367","O10","9.411","min","167.694","μmol/L","Humid","19.999","deg","121055","µV","34.240","°C","1011.000","hPa","39.0","pmil","0","55.560","deg","20.000","°C","100.000","%a.s.","22.010","deg","20.000","°C","978.000","hPa","0.861","-0.02617","0.00035","0","0","13.56","Humid","62.83","1","54.00","229754.99","SABD0001000008","AAV1.0.0.11","2.1.0.443","PSt7-10","170929-005","6/6/2018 9:09:52 AM","1443-01","0","no battery","V"
"07/06/2018","12:46:15","10","default","196169367","O10","9.427","min","167.636","μmol/L","Humid","19.999","deg","121056","µV","34.249","°C","1011.000","hPa","39.0","pmil","0","55.560","deg","20.000","°C","100.000","%a.s.","22.010","deg","20.000","°C","978.000","hPa","0.861","-0.02617","0.00035","0","0","13.56","Humid","62.83","1","54.00","229744.76","SABD0001000008","AAV1.0.0.11","2.1.0.443","PSt7-10","170929-005","6/6/2018 9:09:52 AM","1443-01","0","no battery","V"
"07/06/2018","12:46:16","10","default","196169367","O10","9.444","min","167.687","μmol/L","Humid","19.999","deg","121058","µV","34.241","°C","1011.000","hPa","39.0","pmil","0","55.560","deg","20.000","°C","100.000","%a.s.","22.010","deg","20.000","°C","978.000","hPa","0.861","-0.02617","0.00035","0","0","13.56","Humid","62.83","1","54.00","229753.18","SABD0001000008","AAV1.0.0.11","2.1.0.443","PSt7-10","170929-005","6/6/2018 9:09:52 AM","1443-01","0","no battery","V"
"07/06/2018","12:46:17","10","default","196169367","O10","9.461","min","167.687","μmol/L","Humid","20.001","deg","121053","µV","34.236","°C","1011.000","hPa","39.0","pmil","0","55.560","deg","20.000","°C","100.000","%a.s.","22.010","deg","20.000","°C","978.000","hPa","0.861","-0.02617","0.00035","0","0","13.56","Humid","62.83","1","54.00","229752.88","SABD0001000008","AAV1.0.0.11","2.1.0.443","PSt7-10","170929-005","6/6/2018 9:09:52 AM","1443-01","0","no battery","V"
"07/06/2018","12:46:18","10","default","196169367","O10","9.478","min","167.697","μmol/L","Humid","19.997","deg","121062","µV","34.244","°C","1011.000","hPa","39.0","pmil","0","55.560","deg","20.000","°C","100.000","%a.s.","22.010","deg","20.000","°C","978.000","hPa","0.861","-0.02617","0.00035","0","0","13.56","Humid","62.83","1","54.00","229744.16","SABD0001000008","AAV1.0.0.11","2.1.0.443","PSt7-10","170929-005","6/6/2018 9:09:52 AM","1443-01","0","no battery","V"
"07/06/2018","12:46:19","10","default","196169367","O10","9.495","min","167.645","μmol/L","Humid","19.999","deg","121063","µV","34.248","°C","1011.000","hPa","39.0","pmil","0","55.560","deg","20.000","°C","100.000","%a.s.","22.010","deg","20.000","°C","978.000","hPa","0.861","-0.02617","0.00035","0","0","13.56","Humid","62.83","1","54.00","229741.73","SABD0001000008","AAV1.0.0.11","2.1.0.443","PSt7-10","170929-005","6/6/2018 9:09:52 AM","1443-01","0","no battery","V"
"07/06/2018","12:46:20","10","default","196169367","O10","9.511","min","167.536","μmol/L","Humid","20.005","deg","121060","µV","34.251","°C","1011.000","hPa","39.0","pmil","0","55.560","deg","20.000","°C","100.000","%a.s.","22.010","deg","20.000","°C","978.000","hPa","0.861","-0.02617","0.00035","0","0","13.56","Humid","62.83","1","54.00","229741.07","SABD0001000008","AAV1.0.0.11","2.1.0.443","PSt7-10","170929-005","6/6/2018 9:09:52 AM","1443-01","0","no battery","V"
"07/06/2018","12:46:21","10","default","196169367","O10","9.528","min","167.725","μmol/L","Humid","20.000","deg","121068","µV","34.232","°C","1011.000","hPa","39.0","pmil","0","55.560","deg","20.000","°C","100.000","%a.s.","22.010","deg","20.000","°C","978.000","hPa","0.861","-0.02617","0.00035","0","0","13.56","Humid","62.83","1","54.00","229742.74","SABD0001000008","AAV1.0.0.11","2.1.0.443","PSt7-10","170929-005","6/6/2018 9:09:52 AM","1443-01","0","no battery","V"
"07/06/2018","12:46:22","10","default","196169367","O10","9.545","min","167.707","μmol/L","Humid","20.002","deg","121078","µV","34.230","°C","1011.000","hPa","39.0","pmil","0","55.560","deg","20.000","°C","100.000","%a.s.","22.010","deg","20.000","°C","978.000","hPa","0.861","-0.02617","0.00035","0","0","13.56","Humid","62.83","1","54.00","229746.82","SABD0001000008","AAV1.0.0.11","2.1.0.443","PSt7-10","170929-005","6/6/2018 9:09:52 AM","1443-01","0","no battery","V"
"07/06/2018","12:46:23","10","default","196169367","O10","9.561","min","167.511","μmol/L","Humid","20.001","deg","121071","µV","34.265","°C","1011.000","hPa","39.0","pmil","0","55.560","deg","20.000","°C","100.000","%a.s.","22.010","deg","20.000","°C","978.000","hPa","0.861","-0.02617","0.00035","0","0","13.56","Humid","62.83","1","54.00","229745.06","SABD0001000008","AAV1.0.0.11","2.1.0.443","PSt7-10","170929-005","6/6/2018 9:09:52 AM","1443-01","0","no battery","V"
"07/06/2018","12:46:24","10","default","196169367","O10","9.578","min","167.570","μmol/L","Humid","20.002","deg","121080","µV","34.253","°C","1011.000","hPa","39.0","pmil","0","55.560","deg","20.000","°C","100.000","%a.s.","22.010","deg","20.000","°C","978.000","hPa","0.861","-0.02617","0.00035","0","0","13.56","Humid","62.83","1","54.00","229740.12","SABD0001000008","AAV1.0.0.11","2.1.0.443","PSt7-10","170929-005","6/6/2018 9:09:52 AM","1443-01","0","no battery","V"
"07/06/2018","12:46:25","10","default","196169367","O10","9.594","min","167.595","μmol/L","Humid","20.000","deg","121077","µV","34.254","°C","1011.000","hPa","39.0","pmil","0","55.560","deg","20.000","°C","100.000","%a.s.","22.010","deg","20.000","°C","978.000","hPa","0.861","-0.02617","0.00035","0","0","13.56","Humid","62.83","1","54.00","229738.44","SABD0001000008","AAV1.0.0.11","2.1.0.443","PSt7-10","170929-005","6/6/2018 9:09:52 AM","1443-01","0","no battery","V"
"07/06/2018","12:46:26","10","default","196169367","O10","9.611","min","167.580","μmol/L","Humid","20.002","deg","121091","µV","34.251","°C","1011.000","hPa","39.0","pmil","0","55.560","deg","20.000","°C","100.000","%a.s.","22.010","deg","20.000","°C","978.000","hPa","0.861","-0.02617","0.00035","0","0","13.56","Humid","62.83","1","54.00","229752.39","SABD0001000008","AAV1.0.0.11","2.1.0.443","PSt7-10","170929-005","6/6/2018 9:09:52 AM","1443-01","0","no battery","V"
"07/06/2018","12:46:27","10","default","196169367","O10","9.627","min","167.559","μmol/L","Humid","20.003","deg","121084","µV","34.252","°C","1011.000","hPa","39.0","pmil","0","55.560","deg","20.000","°C","100.000","%a.s.","22.010","deg","20.000","°C","978.000","hPa","0.861","-0.02617","0.00035","0","0","13.56","Humid","62.83","1","54.00","229742.86","SABD0001000008","AAV1.0.0.11","2.1.0.443","PSt7-10","170929-005","6/6/2018 9:09:52 AM","1443-01","0","no battery","V"
"07/06/2018","12:46:28","10","default","196169367","O10","9.644","min","167.622","μmol/L","Humid","20.003","deg","121095","µV","34.241","°C","1011.000","hPa","39.0","pmil","0","55.560","deg","20.000","°C","100.000","%a.s.","22.010","deg","20.000","°C","978.000","hPa","0.861","-0.02617","0.00035","0","0","13.56","Humid","62.83","1","54.00","229754.18","SABD0001000008","AAV1.0.0.11","2.1.0.443","PSt7-10","170929-005","6/6/2018 9:09:52 AM","1443-01","0","no battery","V"
"07/06/2018","12:46:29","10","default","196169367","O10","9.661","min","167.519","μmol/L","Humid","20.008","deg","121090","µV","34.246","°C","1011.000","hPa","39.0","pmil","0","55.560","deg","20.000","°C","100.000","%a.s.","22.010","deg","20.000","°C","978.000","hPa","0.861","-0.02617","0.00035","0","0","13.56","Humid","62.83","1","54.00","229751.79","SABD0001000008","AAV1.0.0.11","2.1.0.443","PSt7-10","170929-005","6/6/2018 9:09:52 AM","1443-01","0","no battery","V"
"07/06/2018","12:46:30","10","default","196169367","O10","9.678","min","167.596","μmol/L","Humid","20.004","deg","121088","µV","34.243","°C","1011.000","hPa","39.0","pmil","0","55.560","deg","20.000","°C","100.000","%a.s.","22.010","deg","20.000","°C","978.000","hPa","0.861","-0.02617","0.00035","0","0","13.56","Humid","62.83","1","54.00","229748.67","SABD0001000008","AAV1.0.0.11","2.1.0.443","PSt7-10","170929-005","6/6/2018 9:09:52 AM","1443-01","0","no battery","V"
"07/06/2018","12:46:31","10","default","196169367","O10","9.694","min","167.564","μmol/L","Humid","20.006","deg","121095","µV","34.243","°C","1011.000","hPa","39.0","pmil","0","55.560","deg","20.000","°C","100.000","%a.s.","22.010","deg","20.000","°C","978.000","hPa","0.861","-0.02617","0.00035","0","0","13.56","Humid","62.83","1","54.00","229742.24","SABD0001000008","AAV1.0.0.11","2.1.0.443","PSt7-10","170929-005","6/6/2018 9:09:52 AM","1443-01","0","no battery","V"
"07/06/2018","12:46:32","10","default","196169367","O10","9.711","min","167.535","μmol/L","Humid","20.008","deg","121099","µV","34.243","°C","1011.000","hPa","39.0","pmil","0","55.560","deg","20.000","°C","100.000","%a.s.","22.010","deg","20.000","°C","978.000","hPa","0.861","-0.02617","0.00035","0","0","13.56","Humid","62.83","1","54.00","229746.87","SABD0001000008","AAV1.0.0.11","2.1.0.443","PSt7-10","170929-005","6/6/2018 9:09:52 AM","1443-01","0","no battery","V"
"07/06/2018","12:46:33","10","default","196169367","O10","9.728","min","167.531","μmol/L","Humid","20.008","deg","121106","µV","34.244","°C","1011.000","hPa","39.0","pmil","0","55.560","deg","20.000","°C","100.000","%a.s.","22.010","deg","20.000","°C","978.000","hPa","0.861","-0.02617","0.00035","0","0","13.56","Humid","62.83","1","54.00","229749.73","SABD0001000008","AAV1.0.0.11","2.1.0.443","PSt7-10","170929-005","6/6/2018 9:09:52 AM","1443-01","0","no battery","V"
"07/06/2018","12:46:34","10","default","196169367","O10","9.744","min","167.511","μmol/L","Humid","20.008","deg","121104","µV","34.247","°C","1011.000","hPa","39.0","pmil","0","55.560","deg","20.000","°C","100.000","%a.s.","22.010","deg","20.000","°C","978.000","hPa","0.861","-0.02617","0.00035","0","0","13.56","Humid","62.83","1","54.00","229747.25","SABD0001000008","AAV1.0.0.11","2.1.0.443","PSt7-10","170929-005","6/6/2018 9:09:52 AM","1443-01","0","no battery","V"
"07/06/2018","12:46:35","10","default","196169367","O10","9.761","min","167.589","μmol/L","Humid","20.008","deg","121107","µV","34.234","°C","1011.000","hPa","39.0","pmil","0","55.560","deg","20.000","°C","100.000","%a.s.","22.010","deg","20.000","°C","978.000","hPa","0.861","-0.02617","0.00035","0","0","13.56","Humid","62.83","1","54.00","229756.01","SABD0001000008","AAV1.0.0.11","2.1.0.443","PSt7-10","170929-005","6/6/2018 9:09:52 AM","1443-01","0","no battery","V"
"07/06/2018","12:46:36","10","default","196169367","O10","9.778","min","167.600","μmol/L","Humid","20.010","deg","121115","µV","34.227","°C","1011.000","hPa","39.0","pmil","0","55.560","deg","20.000","°C","100.000","%a.s.","22.010","deg","20.000","°C","978.000","hPa","0.861","-0.02617","0.00035","0","0","13.56","Humid","62.83","1","54.00","229743.64","SABD0001000008","AAV1.0.0.11","2.1.0.443","PSt7-10","170929-005","6/6/2018 9:09:52 AM","1443-01","0","no battery","V"
"07/06/2018","12:46:37","10","default","196169367","O10","9.794","min","167.461","μmol/L","Humid","20.010","deg","121121","µV","34.250","°C","1011.000","hPa","39.0","pmil","0","55.560","deg","20.000","°C","100.000","%a.s.","22.010","deg","20.000","°C","978.000","hPa","0.861","-0.02617","0.00035","0","0","13.56","Humid","62.83","1","54.00","229740.05","SABD0001000008","AAV1.0.0.11","2.1.0.443","PSt7-10","170929-005","6/6/2018 9:09:52 AM","1443-01","0","no battery","V"
"07/06/2018","12:46:38","10","default","196169367","O10","9.811","min","167.559","μmol/L","Humid","20.009","deg","121123","µV","34.237","°C","1011.000","hPa","39.0","pmil","0","55.560","deg","20.000","°C","100.000","%a.s.","22.010","deg","20.000","°C","978.000","hPa","0.861","-0.02617","0.00035","0","0","13.56","Humid","62.83","1","54.00","229742.50","SABD0001000008","AAV1.0.0.11","2.1.0.443","PSt7-10","170929-005","6/6/2018 9:09:52 AM","1443-01","0","no battery","V"
"07/06/2018","12:46:39","10","default","196169367","O10","9.828","min","167.493","μmol/L","Humid","20.012","deg","121117","µV","34.240","°C","1011.000","hPa","39.0","pmil","0","55.560","deg","20.000","°C","100.000","%a.s.","22.010","deg","20.000","°C","978.000","hPa","0.861","-0.02617","0.00035","0","0","13.56","Humid","62.83","1","54.00","229743.31","SABD0001000008","AAV1.0.0.11","2.1.0.443","PSt7-10","170929-005","6/6/2018 9:09:52 AM","1443-01","0","no battery","V"
"07/06/2018","12:46:40","10","default","196169367","O10","9.844","min","167.459","μmol/L","Humid","20.014","deg","121129","µV","34.241","°C","1011.000","hPa","39.0","pmil","0","55.560","deg","20.000","°C","100.000","%a.s.","22.010","deg","20.000","°C","978.000","hPa","0.861","-0.02617","0.00035","0","0","13.56","Humid","62.83","1","54.00","229741.74","SABD0001000008","AAV1.0.0.11","2.1.0.443","PSt7-10","170929-005","6/6/2018 9:09:52 AM","1443-01","0","no battery","V"
"07/06/2018","12:46:41","10","default","196169367","O10","9.861","min","167.450","μmol/L","Humid","20.015","deg","121129","µV","34.239","°C","1011.000","hPa","39.0","pmil","0","55.560","deg","20.000","°C","100.000","%a.s.","22.010","deg","20.000","°C","978.000","hPa","0.861","-0.02617","0.00035","0","0","13.56","Humid","62.83","1","54.00","229742.65","SABD0001000008","AAV1.0.0.11","2.1.0.443","PSt7-10","170929-005","6/6/2018 9:09:52 AM","1443-01","0","no battery","V"
"07/06/2018","12:46:42","10","default","196169367","O10","9.878","min","167.530","μmol/L","Humid","20.012","deg","121142","µV","34.234","°C","1011.000","hPa","39.0","pmil","0","55.560","deg","20.000","°C","100.000","%a.s.","22.010","deg","20.000","°C","978.000","hPa","0.861","-0.02617","0.00035","0","0","13.56","Humid","62.83","1","54.00","229740.12","SABD0001000008","AAV1.0.0.11","2.1.0.443","PSt7-10","170929-005","6/6/2018 9:09:52 AM","1443-01","0","no battery","V"
"07/06/2018","12:46:43","10","default","196169367","O10","9.894","min","167.388","μmol/L","Humid","20.013","deg","121135","µV","34.255","°C","1011.000","hPa","39.0","pmil","0","55.560","deg","20.000","°C","100.000","%a.s.","22.010","deg","20.000","°C","978.000","hPa","0.861","-0.02617","0.00035","0","0","13.56","Humid","62.83","1","54.00","229727.44","SABD0001000008","AAV1.0.0.11","2.1.0.443","PSt7-10","170929-005","6/6/2018 9:09:52 AM","1443-01","0","no battery","V"
"07/06/2018","12:46:44","10","default","196169367","O10","9.911","min","167.464","μmol/L","Humid","20.012","deg","121140","µV","34.245","°C","1011.000","hPa","39.0","pmil","0","55.560","deg","20.000","°C","100.000","%a.s.","22.010","deg","20.000","°C","978.000","hPa","0.861","-0.02617","0.00035","0","0","13.56","Humid","62.83","1","54.00","229733.82","SABD0001000008","AAV1.0.0.11","2.1.0.443","PSt7-10","170929-005","6/6/2018 9:09:52 AM","1443-01","0","no battery","V"
"07/06/2018","12:46:45","10","default","196169367","O10","9.928","min","167.484","μmol/L","Humid","20.013","deg","121141","µV","34.239","°C","1011.000","hPa","39.0","pmil","0","55.560","deg","20.000","°C","100.000","%a.s.","22.010","deg","20.000","°C","978.000","hPa","0.861","-0.02617","0.00035","0","0","13.56","Humid","62.83","1","54.00","229738.87","SABD0001000008","AAV1.0.0.11","2.1.0.443","PSt7-10","170929-005","6/6/2018 9:09:52 AM","1443-01","0","no battery","V"
"07/06/2018","12:46:46","10","default","196169367","O10","9.944","min","167.343","μmol/L","Humid","20.016","deg","121148","µV","34.255","°C","1011.000","hPa","39.0","pmil","0","55.560","deg","20.000","°C","100.000","%a.s.","22.010","deg","20.000","°C","978.000","hPa","0.861","-0.02617","0.00035","0","0","13.56","Humid","62.83","1","54.00","229734.52","SABD0001000008","AAV1.0.0.11","2.1.0.443","PSt7-10","170929-005","6/6/2018 9:09:52 AM","1443-01","0","no battery","V"
"07/06/2018","12:46:47","10","default","196169367","O10","9.961","min","167.386","μmol/L","Humid","20.016","deg","121151","µV","34.248","°C","1011.000","hPa","39.0","pmil","0","55.560","deg","20.000","°C","100.000","%a.s.","22.010","deg","20.000","°C","978.000","hPa","0.861","-0.02617","0.00035","0","0","13.56","Humid","62.83","1","54.00","229735.99","SABD0001000008","AAV1.0.0.11","2.1.0.443","PSt7-10","170929-005","6/6/2018 9:09:52 AM","1443-01","0","no battery","V"
"07/06/2018","12:46:48","10","default","196169367","O10","9.978","min","167.456","μmol/L","Humid","20.013","deg","121144","µV","34.244","°C","1011.000","hPa","39.0","pmil","0","55.560","deg","20.000","°C","100.000","%a.s.","22.010","deg","20.000","°C","978.000","hPa","0.861","-0.02617","0.00035","0","0","13.56","Humid","62.83","1","54.00","229733.04","SABD0001000008","AAV1.0.0.11","2.1.0.443","PSt7-10","170929-005","6/6/2018 9:09:52 AM","1443-01","0","no battery","V"
"07/06/2018","12:46:49","10","default","196169367","O10","9.994","min","167.427","μmol/L","Humid","20.015","deg","121150","µV","34.243","°C","1011.000","hPa","39.0","pmil","0","55.560","deg","20.000","°C","100.000","%a.s.","22.010","deg","20.000","°C","978.000","hPa","0.861","-0.02617","0.00035","0","0","13.56","Humid","62.83","1","54.00","229729.86","SABD0001000008","AAV1.0.0.11","2.1.0.443","PSt7-10","170929-005","6/6/2018 9:09:52 AM","1443-01","0","no battery","V"
"07/06/2018","12:46:50","10","default","196169367","O10","10.011","min","167.462","μmol/L","Humid","20.016","deg","121153","µV","34.235","°C","1011.000","hPa","39.0","pmil","0","55.560","deg","20.000","°C","100.000","%a.s.","22.010","deg","20.000","°C","978.000","hPa","0.861","-0.02617","0.00035","0","0","13.56","Humid","62.83","1","54.00","229743.78","SABD0001000008","AAV1.0.0.11","2.1.0.443","PSt7-10","170929-005","6/6/2018 9:09:52 AM","1443-01","0","no battery","V"
"07/06/2018","12:46:51","10","default","196169367","O10","10.028","min","167.337","μmol/L","Humid","20.018","deg","121163","µV","34.251","°C","1011.000","hPa","39.0","pmil","0","55.560","deg","20.000","°C","100.000","%a.s.","22.010","deg","20.000","°C","978.000","hPa","0.861","-0.02617","0.00035","0","0","13.56","Humid","62.83","1","54.00","229742.90","SABD0001000008","AAV1.0.0.11","2.1.0.443","PSt7-10","170929-005","6/6/2018 9:09:52 AM","1443-01","0","no battery","V"
"07/06/2018","12:46:52","10","default","196169367","O10","10.044","min","167.308","μmol/L","Humid","20.020","deg","121155","µV","34.250","°C","1011.000","hPa","39.0","pmil","0","55.560","deg","20.000","°C","100.000","%a.s.","22.010","deg","20.000","°C","978.000","hPa","0.861","-0.02617","0.00035","0","0","13.56","Humid","62.83","1","54.00","229733.65","SABD0001000008","AAV1.0.0.11","2.1.0.443","PSt7-10","170929-005","6/6/2018 9:09:52 AM","1443-01","0","no battery","V"
"07/06/2018","12:46:53","10","default","196169367","O10","10.061","min","167.367","μmol/L","Humid","20.018","deg","121151","µV","34.246","°C","1011.000","hPa","39.0","pmil","0","55.560","deg","20.000","°C","100.000","%a.s.","22.010","deg","20.000","°C","978.000","hPa","0.861","-0.02617","0.00035","0","0","13.56","Humid","62.83","1","54.00","229728.57","SABD0001000008","AAV1.0.0.11","2.1.0.443","PSt7-10","170929-005","6/6/2018 9:09:52 AM","1443-01","0","no battery","V"
"07/06/2018","12:46:54","10","default","196169367","O10","10.077","min","167.377","μmol/L","Humid","20.020","deg","121159","µV","34.239","°C","1011.000","hPa","39.0","pmil","0","55.560","deg","20.000","°C","100.000","%a.s.","22.010","deg","20.000","°C","978.000","hPa","0.861","-0.02617","0.00035","0","0","13.56","Humid","62.83","1","54.00","229730.11","SABD0001000008","AAV1.0.0.11","2.1.0.443","PSt7-10","170929-005","6/6/2018 9:09:52 AM","1443-01","0","no battery","V"
"07/06/2018","12:46:55","10","default","196169367","O10","10.094","min","167.423","μmol/L","Humid","20.018","deg","121162","µV","34.236","°C","1011.000","hPa","39.0","pmil","0","55.560","deg","20.000","°C","100.000","%a.s.","22.010","deg","20.000","°C","978.000","hPa","0.861","-0.02617","0.00035","0","0","13.56","Humid","62.83","1","54.00","229728.50","SABD0001000008","AAV1.0.0.11","2.1.0.443","PSt7-10","170929-005","6/6/2018 9:09:52 AM","1443-01","0","no battery","V"
"07/06/2018","12:46:56","10","default","196169367","O10","10.111","min","167.330","μmol/L","Humid","20.018","deg","121165","µV","34.252","°C","1011.000","hPa","39.0","pmil","0","55.560","deg","20.000","°C","100.000","%a.s.","22.010","deg","20.000","°C","978.000","hPa","0.861","-0.02617","0.00035","0","0","13.56","Humid","62.83","1","54.00","229731.56","SABD0001000008","AAV1.0.0.11","2.1.0.443","PSt7-10","170929-005","6/6/2018 9:09:52 AM","1443-01","0","no battery","V"
"07/06/2018","12:46:57","10","default","196169367","O10","10.128","min","167.376","μmol/L","Humid","20.021","deg","121160","µV","34.237","°C","1011.000","hPa","39.0","pmil","0","55.560","deg","20.000","°C","100.000","%a.s.","22.010","deg","20.000","°C","978.000","hPa","0.861","-0.02617","0.00035","0","0","13.56","Humid","62.83","1","54.00","229735.12","SABD0001000008","AAV1.0.0.11","2.1.0.443","PSt7-10","170929-005","6/6/2018 9:09:52 AM","1443-01","0","no battery","V"
"07/06/2018","12:46:58","10","default","196169367","O10","10.144","min","167.367","μmol/L","Humid","20.023","deg","121164","µV","34.233","°C","1011.000","hPa","39.0","pmil","0","55.560","deg","20.000","°C","100.000","%a.s.","22.010","deg","20.000","°C","978.000","hPa","0.861","-0.02617","0.00035","0","0","13.56","Humid","62.83","1","54.00","229732.77","SABD0001000008","AAV1.0.0.11","2.1.0.443","PSt7-10","170929-005","6/6/2018 9:09:52 AM","1443-01","0","no battery","V"
"07/06/2018","12:46:59","10","default","196169367","O10","10.161","min","167.403","μmol/L","Humid","20.019","deg","121178","µV","34.237","°C","1011.000","hPa","39.0","pmil","0","55.560","deg","20.000","°C","100.000","%a.s.","22.010","deg","20.000","°C","978.000","hPa","0.861","-0.02617","0.00035","0","0","13.56","Humid","62.83","1","54.00","229735.45","SABD0001000008","AAV1.0.0.11","2.1.0.443","PSt7-10","170929-005","6/6/2018 9:09:52 AM","1443-01","0","no battery","V"
"07/06/2018","12:47:00","10","default","196169367","O10","10.178","min","167.380","μmol/L","Humid","20.022","deg","121166","µV","34.233","°C","1011.000","hPa","39.0","pmil","0","55.560","deg","20.000","°C","100.000","%a.s.","22.010","deg","20.000","°C","978.000","hPa","0.861","-0.02617","0.00035","0","0","13.56","Humid","62.83","1","54.00","229731.27","SABD0001000008","AAV1.0.0.11","2.1.0.443","PSt7-10","170929-005","6/6/2018 9:09:52 AM","1443-01","0","no battery","V"
"07/06/2018","12:47:01","10","default","196169367","O10","10.194","min","167.315","μmol/L","Humid","20.025","deg","121186","µV","34.237","°C","1011.000","hPa","39.0","pmil","0","55.560","deg","20.000","°C","100.000","%a.s.","22.010","deg","20.000","°C","978.000","hPa","0.861","-0.02617","0.00035","0","0","13.56","Humid","62.83","1","54.00","229732.28","SABD0001000008","AAV1.0.0.11","2.1.0.443","PSt7-10","170929-005","6/6/2018 9:09:52 AM","1443-01","0","no battery","V"
"07/06/2018","12:47:02","10","default","196169367","O10","10.211","min","167.296","μmol/L","Humid","20.023","deg","121177","µV","34.245","°C","1011.000","hPa","39.0","pmil","0","55.560","deg","20.000","°C","100.000","%a.s.","22.010","deg","20.000","°C","978.000","hPa","0.861","-0.02617","0.00035","0","0","13.56","Humid","62.83","1","54.00","229733.47","SABD0001000008","AAV1.0.0.11","2.1.0.443","PSt7-10","170929-005","6/6/2018 9:09:52 AM","1443-01","0","no battery","V"
"07/06/2018","12:47:03","10","default","196169367","O10","10.227","min","167.346","μmol/L","Humid","20.020","deg","121185","µV","34.244","°C","1011.000","hPa","39.0","pmil","0","55.560","deg","20.000","°C","100.000","%a.s.","22.010","deg","20.000","°C","978.000","hPa","0.861","-0.02617","0.00035","0","0","13.56","Humid","62.83","1","54.00","229735.35","SABD0001000008","AAV1.0.0.11","2.1.0.443","PSt7-10","170929-005","6/6/2018 9:09:52 AM","1443-01","0","no battery","V"
"07/06/2018","12:47:04","10","default","196169367","O10","10.245","min","167.215","μmol/L","Humid","20.023","deg","121192","µV","34.258","°C","1011.000","hPa","39.0","pmil","0","55.560","deg","20.000","°C","100.000","%a.s.","22.010","deg","20.000","°C","978.000","hPa","0.861","-0.02617","0.00035","0","0","13.56","Humid","62.83","1","54.00","229741.69","SABD0001000008","AAV1.0.0.11","2.1.0.443","PSt7-10","170929-005","6/6/2018 9:09:52 AM","1443-01","0","no battery","V"
"07/06/2018","12:47:05","10","default","196169367","O10","10.261","min","167.323","μmol/L","Humid","20.021","deg","121195","µV","34.245","°C","1011.000","hPa","39.0","pmil","0","55.560","deg","20.000","°C","100.000","%a.s.","22.010","deg","20.000","°C","978.000","hPa","0.861","-0.02617","0.00035","0","0","13.56","Humid","62.83","1","54.00","229740.06","SABD0001000008","AAV1.0.0.11","2.1.0.443","PSt7-10","170929-005","6/6/2018 9:09:52 AM","1443-01","0","no battery","V"
"07/06/2018","12:47:06","10","default","196169367","O10","10.277","min","167.161","μmol/L","Humid","20.026","deg","121194","µV","34.260","°C","1011.000","hPa","39.0","pmil","0","55.560","deg","20.000","°C","100.000","%a.s.","22.010","deg","20.000","°C","978.000","hPa","0.861","-0.02617","0.00035","0","0","13.56","Humid","62.83","1","54.00","229739.42","SABD0001000008","AAV1.0.0.11","2.1.0.443","PSt7-10","170929-005","6/6/2018 9:09:52 AM","1443-01","0","no battery","V"
"07/06/2018","12:47:07","10","default","196169367","O10","10.294","min","167.207","μmol/L","Humid","20.026","deg","121194","µV","34.252","°C","1011.000","hPa","39.0","pmil","0","55.560","deg","20.000","°C","100.000","%a.s.","22.010","deg","20.000","°C","978.000","hPa","0.861","-0.02617","0.00035","0","0","13.56","Humid","62.83","1","54.00","229742.19","SABD0001000008","AAV1.0.0.11","2.1.0.443","PSt7-10","170929-005","6/6/2018 9:09:52 AM","1443-01","0","no battery","V"
"07/06/2018","12:47:08","10","default","196169367","O10","10.311","min","167.263","μmol/L","Humid","20.022","deg","121199","µV","34.253","°C","1011.000","hPa","39.0","pmil","0","55.560","deg","20.000","°C","100.000","%a.s.","22.010","deg","20.000","°C","978.000","hPa","0.861","-0.02617","0.00035","0","0","13.56","Humid","62.83","1","54.00","229735.33","SABD0001000008","AAV1.0.0.11","2.1.0.443","PSt7-10","170929-005","6/6/2018 9:09:52 AM","1443-01","0","no battery","V"
"07/06/2018","12:47:09","10","default","196169367","O10","10.327","min","167.236","μmol/L","Humid","20.024","deg","121203","µV","34.252","°C","1011.000","hPa","39.0","pmil","0","55.560","deg","20.000","°C","100.000","%a.s.","22.010","deg","20.000","°C","978.000","hPa","0.861","-0.02617","0.00035","0","0","13.56","Humid","62.83","1","54.00","229736.32","SABD0001000008","AAV1.0.0.11","2.1.0.443","PSt7-10","170929-005","6/6/2018 9:09:52 AM","1443-01","0","no battery","V"
"07/06/2018","12:47:10","10","default","196169367","O10","10.345","min","167.395","μmol/L","Humid","20.021","deg","121198","µV","34.233","°C","1011.000","hPa","39.0","pmil","0","55.560","deg","20.000","°C","100.000","%a.s.","22.010","deg","20.000","°C","978.000","hPa","0.861","-0.02617","0.00035","0","0","13.56","Humid","62.83","1","54.00","229720.55","SABD0001000008","AAV1.0.0.11","2.1.0.443","PSt7-10","170929-005","6/6/2018 9:09:52 AM","1443-01","0","no battery","V"
"07/06/2018","12:47:11","10","default","196169367","O10","10.361","min","167.152","μmol/L","Humid","20.029","deg","121209","µV","34.254","°C","1011.000","hPa","39.0","pmil","0","55.560","deg","20.000","°C","100.000","%a.s.","22.010","deg","20.000","°C","978.000","hPa","0.861","-0.02617","0.00035","0","0","13.56","Humid","62.83","1","54.00","229732.87","SABD0001000008","AAV1.0.0.11","2.1.0.443","PSt7-10","170929-005","6/6/2018 9:09:52 AM","1443-01","0","no battery","V"
"07/06/2018","12:47:12","10","default","196169367","O10","10.378","min","167.229","μmol/L","Humid","20.027","deg","121207","µV","34.246","°C","1011.000","hPa","39.0","pmil","0","55.560","deg","20.000","°C","100.000","%a.s.","22.010","deg","20.000","°C","978.000","hPa","0.861","-0.02617","0.00035","0","0","13.56","Humid","62.83","1","54.00","229732.18","SABD0001000008","AAV1.0.0.11","2.1.0.443","PSt7-10","170929-005","6/6/2018 9:09:52 AM","1443-01","0","no battery","V"
"07/06/2018","12:47:13","10","default","196169367","O10","10.394","min","167.220","μmol/L","Humid","20.029","deg","121215","µV","34.242","°C","1011.000","hPa","39.0","pmil","0","55.560","deg","20.000","°C","100.000","%a.s.","22.010","deg","20.000","°C","978.000","hPa","0.861","-0.02617","0.00035","0","0","13.56","Humid","62.83","1","54.00","229731.71","SABD0001000008","AAV1.0.0.11","2.1.0.443","PSt7-10","170929-005","6/6/2018 9:09:52 AM","1443-01","0","no battery","V"
"07/06/2018","12:47:14","10","default","196169367","O10","10.411","min","167.294","μmol/L","Humid","20.026","deg","121221","µV","34.237","°C","1011.000","hPa","39.0","pmil","0","55.560","deg","20.000","°C","100.000","%a.s.","22.010","deg","20.000","°C","978.000","hPa","0.861","-0.02617","0.00035","0","0","13.56","Humid","62.83","1","54.00","229716.51","SABD0001000008","AAV1.0.0.11","2.1.0.443","PSt7-10","170929-005","6/6/2018 9:09:52 AM","1443-01","0","no battery","V"
"07/06/2018","12:47:15","10","default","196169367","O10","10.428","min","167.244","μmol/L","Humid","20.029","deg","121219","µV","34.238","°C","1011.000","hPa","39.0","pmil","0","55.560","deg","20.000","°C","100.000","%a.s.","22.010","deg","20.000","°C","978.000","hPa","0.861","-0.02617","0.00035","0","0","13.56","Humid","62.83","1","54.00","229719.17","SABD0001000008","AAV1.0.0.11","2.1.0.443","PSt7-10","170929-005","6/6/2018 9:09:52 AM","1443-01","0","no battery","V"
"07/06/2018","12:47:16","10","default","196169367","O10","10.445","min","167.193","μmol/L","Humid","20.029","deg","121218","µV","34.247","°C","1011.000","hPa","39.0","pmil","0","55.560","deg","20.000","°C","100.000","%a.s.","22.010","deg","20.000","°C","978.000","hPa","0.861","-0.02617","0.00035","0","0","13.56","Humid","62.83","1","54.00","229734.43","SABD0001000008","AAV1.0.0.11","2.1.0.443","PSt7-10","170929-005","6/6/2018 9:09:52 AM","1443-01","0","no battery","V"
"07/06/2018","12:47:17","10","default","196169367","O10","10.461","min","167.197","μmol/L","Humid","20.029","deg","121230","µV","34.246","°C","1011.000","hPa","39.0","pmil","0","55.560","deg","20.000","°C","100.000","%a.s.","22.010","deg","20.000","°C","978.000","hPa","0.861","-0.02617","0.00035","0","0","13.56","Humid","62.83","1","54.00","229726.81","SABD0001000008","AAV1.0.0.11","2.1.0.443","PSt7-10","170929-005","6/6/2018 9:09:52 AM","1443-01","0","no battery","V"
"07/06/2018","12:47:18","10","default","196169367","O10","10.478","min","167.219","μmol/L","Humid","20.030","deg","121230","µV","34.240","°C","1011.000","hPa","39.0","pmil","0","55.560","deg","20.000","°C","100.000","%a.s.","22.010","deg","20.000","°C","978.000","hPa","0.861","-0.02617","0.00035","0","0","13.56","Humid","62.83","1","54.00","229734.30","SABD0001000008","AAV1.0.0.11","2.1.0.443","PSt7-10","170929-005","6/6/2018 9:09:52 AM","1443-01","0","no battery","V"
"07/06/2018","12:47:19","10","default","196169367","O10","10.495","min","167.155","μmol/L","Humid","20.032","deg","121238","µV","34.245","°C","1011.000","hPa","39.0","pmil","0","55.560","deg","20.000","°C","100.000","%a.s.","22.010","deg","20.000","°C","978.000","hPa","0.861","-0.02617","0.00035","0","0","13.56","Humid","62.83","1","54.00","229718.64","SABD0001000008","AAV1.0.0.11","2.1.0.443","PSt7-10","170929-005","6/6/2018 9:09:52 AM","1443-01","0","no battery","V"
"07/06/2018","12:47:20","10","default","196169367","O10","10.511","min","167.168","μmol/L","Humid","20.031","deg","121247","µV","34.246","°C","1011.000","hPa","39.0","pmil","0","55.560","deg","20.000","°C","100.000","%a.s.","22.010","deg","20.000","°C","978.000","hPa","0.861","-0.02617","0.00035","0","0","13.56","Humid","62.83","1","54.00","229724.45","SABD0001000008","AAV1.0.0.11","2.1.0.443","PSt7-10","170929-005","6/6/2018 9:09:52 AM","1443-01","0","no battery","V"
"07/06/2018","12:47:21","10","default","196169367","O10","10.528","min","167.031","μmol/L","Humid","20.034","deg","121247","µV","34.261","°C","1011.000","hPa","39.0","pmil","0","55.560","deg","20.000","°C","100.000","%a.s.","22.010","deg","20.000","°C","978.000","hPa","0.861","-0.02617","0.00035","0","0","13.56","Humid","62.83","1","54.00","229725.68","SABD0001000008","AAV1.0.0.11","2.1.0.443","PSt7-10","170929-005","6/6/2018 9:09:52 AM","1443-01","0","no battery","V"
"07/06/2018","12:47:22","10","default","196169367","O10","10.544","min","167.133","μmol/L","Humid","20.034","deg","121247","µV","34.244","°C","1011.000","hPa","39.0","pmil","0","55.560","deg","20.000","°C","100.000","%a.s.","22.010","deg","20.000","°C","978.000","hPa","0.861","-0.02617","0.00035","0","0","13.56","Humid","62.83","1","54.00","229722.04","SABD0001000008","AAV1.0.0.11","2.1.0.443","PSt7-10","170929-005","6/6/2018 9:09:52 AM","1443-01","0","no battery","V"
"07/06/2018","12:47:23","10","default","196169367","O10","10.561","min","167.151","μmol/L","Humid","20.032","deg","121265","µV","34.246","°C","1011.000","hPa","39.0","pmil","0","55.560","deg","20.000","°C","100.000","%a.s.","22.010","deg","20.000","°C","978.000","hPa","0.861","-0.02617","0.00035","0","0","13.56","Humid","62.83","1","54.00","229721.08","SABD0001000008","AAV1.0.0.11","2.1.0.443","PSt7-10","170929-005","6/6/2018 9:09:52 AM","1443-01","0","no battery","V"
"07/06/2018","12:47:24","10","default","196169367","O10","10.577","min","167.138","μmol/L","Humid","20.032","deg","121257","µV","34.248","°C","1011.000","hPa","39.0","pmil","0","55.560","deg","20.000","°C","100.000","%a.s.","22.010","deg","20.000","°C","978.000","hPa","0.861","-0.02617","0.00035","0","0","13.56","Humid","62.83","1","54.00","229713.77","SABD0001000008","AAV1.0.0.11","2.1.0.443","PSt7-10","170929-005","6/6/2018 9:09:52 AM","1443-01","0","no battery","V"
"07/06/2018","12:47:25","10","default","196169367","O10","10.594","min","166.995","μmol/L","Humid","20.037","deg","121262","µV","34.259","°C","1011.000","hPa","39.0","pmil","0","55.560","deg","20.000","°C","100.000","%a.s.","22.010","deg","20.000","°C","978.000","hPa","0.861","-0.02617","0.00035","0","0","13.56","Humid","62.83","1","54.00","229727.48","SABD0001000008","AAV1.0.0.11","2.1.0.443","PSt7-10","170929-005","6/6/2018 9:09:52 AM","1443-01","0","no battery","V"
"07/06/2018","12:47:26","10","default","196169367","O10","10.611","min","166.980","μmol/L","Humid","20.038","deg","121260","µV","34.259","°C","1011.000","hPa","39.0","pmil","0","55.560","deg","20.000","°C","100.000","%a.s.","22.010","deg","20.000","°C","978.000","hPa","0.861","-0.02617","0.00035","0","0","13.56","Humid","62.83","1","54.00","229737.18","SABD0001000008","AAV1.0.0.11","2.1.0.443","PSt7-10","170929-005","6/6/2018 9:09:52 AM","1443-01","0","no battery","V"
"07/06/2018","12:47:27","10","default","196169367","O10","10.628","min","167.064","μmol/L","Humid","20.038","deg","121273","µV","34.245","°C","1011.000","hPa","39.0","pmil","0","55.560","deg","20.000","°C","100.000","%a.s.","22.010","deg","20.000","°C","978.000","hPa","0.861","-0.02617","0.00035","0","0","13.56","Humid","62.83","1","54.00","229731.26","SABD0001000008","AAV1.0.0.11","2.1.0.443","PSt7-10","170929-005","6/6/2018 9:09:52 AM","1443-01","0","no battery","V"
"07/06/2018","12:47:28","10","default","196169367","O10","10.645","min","167.101","μmol/L","Humid","20.040","deg","121268","µV","34.234","°C","1011.000","hPa","39.0","pmil","0","55.560","deg","20.000","°C","100.000","%a.s.","22.010","deg","20.000","°C","978.000","hPa","0.861","-0.02617","0.00035","0","0","13.56","Humid","62.83","1","54.00","229732.01","SABD0001000008","AAV1.0.0.11","2.1.0.443","PSt7-10","170929-005","6/6/2018 9:09:52 AM","1443-01","0","no battery","V"
"07/06/2018","12:47:29","10","default","196169367","O10","10.661","min","167.015","μmol/L","Humid","20.039","deg","121285","µV","34.251","°C","1011.000","hPa","39.0","pmil","0","55.560","deg","20.000","°C","100.000","%a.s.","22.010","deg","20.000","°C","978.000","hPa","0.861","-0.02617","0.00035","0","0","13.56","Humid","62.83","1","54.00","229724.53","SABD0001000008","AAV1.0.0.11","2.1.0.443","PSt7-10","170929-005","6/6/2018 9:09:52 AM","1443-01","0","no battery","V"
"07/06/2018","12:47:30","10","default","196169367","O10","10.678","min","166.998","μmol/L","Humid","20.039","deg","121275","µV","34.254","°C","1011.000","hPa","39.0","pmil","0","55.560","deg","20.000","°C","100.000","%a.s.","22.010","deg","20.000","°C","978.000","hPa","0.861","-0.02617","0.00035","0","0","13.56","Humid","62.83","1","54.00","229730.47","SABD0001000008","AAV1.0.0.11","2.1.0.443","PSt7-10","170929-005","6/6/2018 9:09:52 AM","1443-01","0","no battery","V"
"07/06/2018","12:47:31","10","default","196169367","O10","10.694","min","166.969","μmol/L","Humid","20.040","deg","121277","µV","34.256","°C","1011.000","hPa","39.0","pmil","0","55.560","deg","20.000","°C","100.000","%a.s.","22.010","deg","20.000","°C","978.000","hPa","0.861","-0.02617","0.00035","0","0","13.56","Humid","62.83","1","54.00","229717.28","SABD0001000008","AAV1.0.0.11","2.1.0.443","PSt7-10","170929-005","6/6/2018 9:09:52 AM","1443-01","0","no battery","V"
"07/06/2018","12:47:32","10","default","196169367","O10","10.711","min","166.991","μmol/L","Humid","20.040","deg","121285","µV","34.253","°C","1011.000","hPa","39.0","pmil","0","55.560","deg","20.000","°C","100.000","%a.s.","22.010","deg","20.000","°C","978.000","hPa","0.861","-0.02617","0.00035","0","0","13.56","Humid","62.83","1","54.00","229729.32","SABD0001000008","AAV1.0.0.11","2.1.0.443","PSt7-10","170929-005","6/6/2018 9:09:52 AM","1443-01","0","no battery","V"
"07/06/2018","12:47:33","10","default","196169367","O10","10.728","min","167.085","μmol/L","Humid","20.040","deg","121282","µV","34.237","°C","1011.000","hPa","39.0","pmil","0","55.560","deg","20.000","°C","100.000","%a.s.","22.010","deg","20.000","°C","978.000","hPa","0.861","-0.02617","0.00035","0","0","13.56","Humid","62.83","1","54.00","229723.42","SABD0001000008","AAV1.0.0.11","2.1.0.443","PSt7-10","170929-005","6/6/2018 9:09:52 AM","1443-01","0","no battery","V"
"07/06/2018","12:47:34","10","default","196169367","O10","10.744","min","166.975","μmol/L","Humid","20.039","deg","121280","µV","34.258","°C","1011.000","hPa","39.0","pmil","0","55.560","deg","20.000","°C","100.000","%a.s.","22.010","deg","20.000","°C","978.000","hPa","0.861","-0.02617","0.00035","0","0","13.56","Humid","62.83","1","54.00","229731.45","SABD0001000008","AAV1.0.0.11","2.1.0.443","PSt7-10","170929-005","6/6/2018 9:09:52 AM","1443-01","0","no battery","V"
"07/06/2018","12:47:35","10","default","196169367","O10","10.761","min","166.989","μmol/L","Humid","20.041","deg","121295","µV","34.250","°C","1011.000","hPa","39.0","pmil","0","55.560","deg","20.000","°C","100.000","%a.s.","22.010","deg","20.000","°C","978.000","hPa","0.861","-0.02617","0.00035","0","0","13.56","Humid","62.83","1","54.00","229736.45","SABD0001000008","AAV1.0.0.11","2.1.0.443","PSt7-10","170929-005","6/6/2018 9:09:52 AM","1443-01","0","no battery","V"
"07/06/2018","12:47:36","10","default","196169367","O10","10.778","min","166.987","μmol/L","Humid","20.041","deg","121295","µV","34.251","°C","1011.000","hPa","39.0","pmil","0","55.560","deg","20.000","°C","100.000","%a.s.","22.010","deg","20.000","°C","978.000","hPa","0.861","-0.02617","0.00035","0","0","13.56","Humid","62.83","1","54.00","229733.88","SABD0001000008","AAV1.0.0.11","2.1.0.443","PSt7-10","170929-005","6/6/2018 9:09:52 AM","1443-01","0","no battery","V"
"07/06/2018","12:47:37","10","default","196169367","O10","10.795","min","167.059","μmol/L","Humid","20.039","deg","121295","µV","34.244","°C","1011.000","hPa","39.0","pmil","0","55.560","deg","20.000","°C","100.000","%a.s.","22.010","deg","20.000","°C","978.000","hPa","0.861","-0.02617","0.00035","0","0","13.56","Humid","62.83","1","54.00","229726.24","SABD0001000008","AAV1.0.0.11","2.1.0.443","PSt7-10","170929-005","6/6/2018 9:09:52 AM","1443-01","0","no battery","V"
"07/06/2018","12:47:38","10","default","196169367","O10","10.811","min","167.010","μmol/L","Humid","20.041","deg","121284","µV","34.247","°C","1011.000","hPa","39.0","pmil","0","55.560","deg","20.000","°C","100.000","%a.s.","22.010","deg","20.000","°C","978.000","hPa","0.861","-0.02617","0.00035","0","0","13.56","Humid","62.83","1","54.00","229726.43","SABD0001000008","AAV1.0.0.11","2.1.0.443","PSt7-10","170929-005","6/6/2018 9:09:52 AM","1443-01","0","no battery","V"
"07/06/2018","12:47:39","10","default","196169367","O10","10.828","min","167.070","μmol/L","Humid","20.043","deg","121302","µV","34.232","°C","1011.000","hPa","39.0","pmil","0","55.560","deg","20.000","°C","100.000","%a.s.","22.010","deg","20.000","°C","978.000","hPa","0.861","-0.02617","0.00035","0","0","13.56","Humid","62.83","1","54.00","229735.20","SABD0001000008","AAV1.0.0.11","2.1.0.443","PSt7-10","170929-005","6/6/2018 9:09:52 AM","1443-01","0","no battery","V"
"07/06/2018","12:47:40","10","default","196169367","O10","10.845","min","166.917","μmol/L","Humid","20.042","deg","121303","µV","34.260","°C","1011.000","hPa","39.0","pmil","0","55.560","deg","20.000","°C","100.000","%a.s.","22.010","deg","20.000","°C","978.000","hPa","0.861","-0.02617","0.00035","0","0","13.56","Humid","62.83","1","54.00","229727.36","SABD0001000008","AAV1.0.0.11","2.1.0.443","PSt7-10","170929-005","6/6/2018 9:09:52 AM","1443-01","0","no battery","V"
"07/06/2018","12:47:41","10","default","196169367","O10","10.861","min","166.881","μmol/L","Humid","20.043","deg","121305","µV","34.263","°C","1011.000","hPa","39.0","pmil","0","55.560","deg","20.000","°C","100.000","%a.s.","22.010","deg","20.000","°C","978.000","hPa","0.861","-0.02617","0.00035","0","0","13.56","Humid","62.83","1","54.00","229720.61","SABD0001000008","AAV1.0.0.11","2.1.0.443","PSt7-10","170929-005","6/6/2018 9:09:52 AM","1443-01","0","no battery","V"
"07/06/2018","12:47:42","10","default","196169367","O10","10.878","min","166.881","μmol/L","Humid","20.047","deg","121311","µV","34.253","°C","1011.000","hPa","39.0","pmil","0","55.560","deg","20.000","°C","100.000","%a.s.","22.010","deg","20.000","°C","978.000","hPa","0.861","-0.02617","0.00035","0","0","13.56","Humid","62.83","1","54.00","229730.37","SABD0001000008","AAV1.0.0.11","2.1.0.443","PSt7-10","170929-005","6/6/2018 9:09:52 AM","1443-01","0","no battery","V"
"07/06/2018","12:47:43","10","default","196169367","O10","10.894","min","166.985","μmol/L","Humid","20.043","deg","121307","µV","34.246","°C","1011.000","hPa","39.0","pmil","0","55.560","deg","20.000","°C","100.000","%a.s.","22.010","deg","20.000","°C","978.000","hPa","0.861","-0.02617","0.00035","0","0","13.56","Humid","62.83","1","54.00","229730.13","SABD0001000008","AAV1.0.0.11","2.1.0.443","PSt7-10","170929-005","6/6/2018 9:09:52 AM","1443-01","0","no battery","V"
"07/06/2018","12:47:44","10","default","196169367","O10","10.911","min","166.933","μmol/L","Humid","20.043","deg","121316","µV","34.254","°C","1011.000","hPa","39.0","pmil","0","55.560","deg","20.000","°C","100.000","%a.s.","22.010","deg","20.000","°C","978.000","hPa","0.861","-0.02617","0.00035","0","0","13.56","Humid","62.83","1","54.00","229739.79","SABD0001000008","AAV1.0.0.11","2.1.0.443","PSt7-10","170929-005","6/6/2018 9:09:52 AM","1443-01","0","no battery","V"
"07/06/2018","12:47:45","10","default","196169367","O10","10.928","min","166.846","μmol/L","Humid","20.050","deg","121324","µV","34.251","°C","1011.000","hPa","39.0","pmil","0","55.560","deg","20.000","°C","100.000","%a.s.","22.010","deg","20.000","°C","978.000","hPa","0.861","-0.02617","0.00035","0","0","13.56","Humid","62.83","1","54.00","229729.53","SABD0001000008","AAV1.0.0.11","2.1.0.443","PSt7-10","170929-005","6/6/2018 9:09:52 AM","1443-01","0","no battery","V"
"07/06/2018","12:47:46","10","default","196169367","O10","10.944","min","166.902","μmol/L","Humid","20.045","deg","121325","µV","34.255","°C","1011.000","hPa","39.0","pmil","0","55.560","deg","20.000","°C","100.000","%a.s.","22.010","deg","20.000","°C","978.000","hPa","0.861","-0.02617","0.00035","0","0","13.56","Humid","62.83","1","54.00","229721.22","SABD0001000008","AAV1.0.0.11","2.1.0.443","PSt7-10","170929-005","6/6/2018 9:09:52 AM","1443-01","0","no battery","V"
"07/06/2018","12:47:47","10","default","196169367","O10","10.962","min","166.959","μmol/L","Humid","20.046","deg","121332","µV","34.243","°C","1011.000","hPa","39.0","pmil","0","55.560","deg","20.000","°C","100.000","%a.s.","22.010","deg","20.000","°C","978.000","hPa","0.861","-0.02617","0.00035","0","0","13.56","Humid","62.83","1","54.00","229733.89","SABD0001000008","AAV1.0.0.11","2.1.0.443","PSt7-10","170929-005","6/6/2018 9:09:52 AM","1443-01","0","no battery","V"
"07/06/2018","12:47:48","10","default","196169367","O10","10.977","min","166.942","μmol/L","Humid","20.048","deg","121326","µV","34.240","°C","1011.000","hPa","39.0","pmil","0","55.560","deg","20.000","°C","100.000","%a.s.","22.010","deg","20.000","°C","978.000","hPa","0.861","-0.02617","0.00035","0","0","13.56","Humid","62.83","1","54.00","229725.83","SABD0001000008","AAV1.0.0.11","2.1.0.443","PSt7-10","170929-005","6/6/2018 9:09:52 AM","1443-01","0","no battery","V"
"07/06/2018","12:47:49","10","default","196169367","O10","10.994","min","166.933","μmol/L","Humid","20.045","deg","121337","µV","34.250","°C","1011.000","hPa","39.0","pmil","0","55.560","deg","20.000","°C","100.000","%a.s.","22.010","deg","20.000","°C","978.000","hPa","0.861","-0.02617","0.00035","0","0","13.56","Humid","62.83","1","54.00","229730.58","SABD0001000008","AAV1.0.0.11","2.1.0.443","PSt7-10","170929-005","6/6/2018 9:09:52 AM","1443-01","0","no battery","V"
"07/06/2018","12:47:50","10","default","196169367","O10","11.011","min","166.731","μmol/L","Humid","20.055","deg","121338","µV","34.258","°C","1011.000","hPa","39.0","pmil","0","55.560","deg","20.000","°C","100.000","%a.s.","22.010","deg","20.000","°C","978.000","hPa","0.861","-0.02617","0.00035","0","0","13.56","Humid","62.83","1","54.00","229724.18","SABD0001000008","AAV1.0.0.11","2.1.0.443","PSt7-10","170929-005","6/6/2018 9:09:52 AM","1443-01","0","no battery","V"
"07/06/2018","12:47:51","10","default","196169367","O10","11.028","min","166.858","μmol/L","Humid","20.051","deg","121348","µV","34.247","°C","1011.000","hPa","39.0","pmil","0","55.560","deg","20.000","°C","100.000","%a.s.","22.010","deg","20.000","°C","978.000","hPa","0.861","-0.02617","0.00035","0","0","13.56","Humid","62.83","1","54.00","229735.08","SABD0001000008","AAV1.0.0.11","2.1.0.443","PSt7-10","170929-005","6/6/2018 9:09:52 AM","1443-01","0","no battery","V"
"07/06/2018","12:47:52","10","default","196169367","O10","11.045","min","166.885","μmol/L","Humid","20.052","deg","121356","µV","34.240","°C","1011.000","hPa","39.0","pmil","0","55.560","deg","20.000","°C","100.000","%a.s.","22.010","deg","20.000","°C","978.000","hPa","0.861","-0.02617","0.00035","0","0","13.56","Humid","62.83","1","54.00","229722.62","SABD0001000008","AAV1.0.0.11","2.1.0.443","PSt7-10","170929-005","6/6/2018 9:09:52 AM","1443-01","0","no battery","V"
"07/06/2018","12:47:53","10","default","196169367","O10","11.061","min","166.930","μmol/L","Humid","20.050","deg","121342","µV","34.237","°C","1011.000","hPa","39.0","pmil","0","55.560","deg","20.000","°C","100.000","%a.s.","22.010","deg","20.000","°C","978.000","hPa","0.861","-0.02617","0.00035","0","0","13.56","Humid","62.83","1","54.00","229733.03","SABD0001000008","AAV1.0.0.11","2.1.0.443","PSt7-10","170929-005","6/6/2018 9:09:52 AM","1443-01","0","no battery","V"
"07/06/2018","12:47:54","10","default","196169367","O10","11.077","min","166.841","μmol/L","Humid","20.054","deg","121358","µV","34.242","°C","1011.000","hPa","39.0","pmil","0","55.560","deg","20.000","°C","100.000","%a.s.","22.010","deg","20.000","°C","978.000","hPa","0.861","-0.02617","0.00035","0","0","13.56","Humid","62.83","1","54.00","229729.17","SABD0001000008","AAV1.0.0.11","2.1.0.443","PSt7-10","170929-005","6/6/2018 9:09:52 AM","1443-01","0","no battery","V"
"07/06/2018","12:47:55","10","default","196169367","O10","11.094","min","166.888","μmol/L","Humid","20.053","deg","121369","µV","34.237","°C","1011.000","hPa","39.0","pmil","0","55.560","deg","20.000","°C","100.000","%a.s.","22.010","deg","20.000","°C","978.000","hPa","0.861","-0.02617","0.00035","0","0","13.56","Humid","62.83","1","54.00","229730.83","SABD0001000008","AAV1.0.0.11","2.1.0.443","PSt7-10","170929-005","6/6/2018 9:09:52 AM","1443-01","0","no battery","V"
"07/06/2018","12:47:56","10","default","196169367","O10","11.111","min","166.850","μmol/L","Humid","20.052","deg","121371","µV","34.245","°C","1011.000","hPa","39.0","pmil","0","55.560","deg","20.000","°C","100.000","%a.s.","22.010","deg","20.000","°C","978.000","hPa","0.861","-0.02617","0.00035","0","0","13.56","Humid","62.83","1","54.00","229738.81","SABD0001000008","AAV1.0.0.11","2.1.0.443","PSt7-10","170929-005","6/6/2018 9:09:52 AM","1443-01","0","no battery","V"
"07/06/2018","12:47:57","10","default","196169367","O10","11.128","min","166.884","μmol/L","Humid","20.053","deg","121374","µV","34.237","°C","1011.000","hPa","39.0","pmil","0","55.560","deg","20.000","°C","100.000","%a.s.","22.010","deg","20.000","°C","978.000","hPa","0.861","-0.02617","0.00035","0","0","13.56","Humid","62.83","1","54.00","229721.67","SABD0001000008","AAV1.0.0.11","2.1.0.443","PSt7-10","170929-005","6/6/2018 9:09:52 AM","1443-01","0","no battery","V"
"07/06/2018","12:47:58","10","default","196169367","O10","11.144","min","166.778","μmol/L","Humid","20.052","deg","121375","µV","34.258","°C","1011.000","hPa","39.0","pmil","0","55.560","deg","20.000","°C","100.000","%a.s.","22.010","deg","20.000","°C","978.000","hPa","0.861","-0.02617","0.00035","0","0","13.56","Humid","62.83","1","54.00","229723.85","SABD0001000008","AAV1.0.0.11","2.1.0.443","PSt7-10","170929-005","6/6/2018 9:09:52 AM","1443-01","0","no battery","V"
"07/06/2018","12:47:59","10","default","196169367","O10","11.161","min","166.782","μmol/L","Humid","20.051","deg","121379","µV","34.259","°C","1011.000","hPa","39.0","pmil","0","55.560","deg","20.000","°C","100.000","%a.s.","22.010","deg","20.000","°C","978.000","hPa","0.861","-0.02617","0.00035","0","0","13.56","Humid","62.83","1","54.00","229724.03","SABD0001000008","AAV1.0.0.11","2.1.0.443","PSt7-10","170929-005","6/6/2018 9:09:52 AM","1443-01","0","no battery","V"
"07/06/2018","12:48:00","10","default","196169367","O10","11.177","min","166.732","μmol/L","Humid","20.056","deg","121377","µV","34.255","°C","1011.000","hPa","39.0","pmil","0","55.560","deg","20.000","°C","100.000","%a.s.","22.010","deg","20.000","°C","978.000","hPa","0.861","-0.02617","0.00035","0","0","13.56","Humid","62.83","1","54.00","229731.11","SABD0001000008","AAV1.0.0.11","2.1.0.443","PSt7-10","170929-005","6/6/2018 9:09:52 AM","1443-01","0","no battery","V"
"07/06/2018","12:48:01","10","default","196169367","O10","11.194","min","166.787","μmol/L","Humid","20.055","deg","121387","µV","34.248","°C","1011.000","hPa","39.0","pmil","0","55.560","deg","20.000","°C","100.000","%a.s.","22.010","deg","20.000","°C","978.000","hPa","0.861","-0.02617","0.00035","0","0","13.56","Humid","62.83","1","54.00","229720.93","SABD0001000008","AAV1.0.0.11","2.1.0.443","PSt7-10","170929-005","6/6/2018 9:09:52 AM","1443-01","0","no battery","V"
"07/06/2018","12:48:02","10","default","196169367","O10","11.211","min","166.700","μmol/L","Humid","20.054","deg","121373","µV","34.265","°C","1011.000","hPa","39.0","pmil","0","55.560","deg","20.000","°C","100.000","%a.s.","22.010","deg","20.000","°C","978.000","hPa","0.861","-0.02617","0.00035","0","0","13.56","Humid","62.83","1","54.00","229729.89","SABD0001000008","AAV1.0.0.11","2.1.0.443","PSt7-10","170929-005","6/6/2018 9:09:52 AM","1443-01","0","no battery","V"
"07/06/2018","12:48:03","10","default","196169367","O10","11.228","min","166.759","μmol/L","Humid","20.054","deg","121383","µV","34.256","°C","1011.000","hPa","39.0","pmil","0","55.560","deg","20.000","°C","100.000","%a.s.","22.010","deg","20.000","°C","978.000","hPa","0.861","-0.02617","0.00035","0","0","13.56","Humid","62.83","1","54.00","229727.91","SABD0001000008","AAV1.0.0.11","2.1.0.443","PSt7-10","170929-005","6/6/2018 9:09:52 AM","1443-01","0","no battery","V"
"07/06/2018","12:48:04","10","default","196169367","O10","11.244","min","166.715","μmol/L","Humid","20.053","deg","121377","µV","34.265","°C","1011.000","hPa","39.0","pmil","0","55.560","deg","20.000","°C","100.000","%a.s.","22.010","deg","20.000","°C","978.000","hPa","0.861","-0.02617","0.00035","0","0","13.56","Humid","62.83","1","54.00","229726.46","SABD0001000008","AAV1.0.0.11","2.1.0.443","PSt7-10","170929-005","6/6/2018 9:09:52 AM","1443-01","0","no battery","V"
"07/06/2018","12:48:05","10","default","196169367","O10","11.261","min","166.690","μmol/L","Humid","20.056","deg","121382","µV","34.262","°C","1011.000","hPa","39.0","pmil","0","55.560","deg","20.000","°C","100.000","%a.s.","22.010","deg","20.000","°C","978.000","hPa","0.861","-0.02617","0.00035","0","0","13.56","Humid","62.83","1","54.00","229723.36","SABD0001000008","AAV1.0.0.11","2.1.0.443","PSt7-10","170929-005","6/6/2018 9:09:52 AM","1443-01","0","no battery","V"
"07/06/2018","12:48:06","10","default","196169367","O10","11.277","min","166.832","μmol/L","Humid","20.056","deg","121381","µV","34.238","°C","1011.000","hPa","39.0","pmil","0","55.560","deg","20.000","°C","100.000","%a.s.","22.010","deg","20.000","°C","978.000","hPa","0.861","-0.02617","0.00035","0","0","13.56","Humid","62.83","1","54.00","229730.01","SABD0001000008","AAV1.0.0.11","2.1.0.443","PSt7-10","170929-005","6/6/2018 9:09:52 AM","1443-01","0","no battery","V"
"07/06/2018","12:48:07","10","default","196169367","O10","11.294","min","166.683","μmol/L","Humid","20.056","deg","121385","µV","34.263","°C","1011.000","hPa","39.0","pmil","0","55.560","deg","20.000","°C","100.000","%a.s.","22.010","deg","20.000","°C","978.000","hPa","0.861","-0.02617","0.00035","0","0","13.56","Humid","62.83","1","54.00","229733.68","SABD0001000008","AAV1.0.0.11","2.1.0.443","PSt7-10","170929-005","6/6/2018 9:09:52 AM","1443-01","0","no battery","V"
"07/06/2018","12:48:08","10","default","196169367","O10","11.311","min","166.776","μmol/L","Humid","20.054","deg","121388","µV","34.253","°C","1011.000","hPa","39.0","pmil","0","55.560","deg","20.000","°C","100.000","%a.s.","22.010","deg","20.000","°C","978.000","hPa","0.861","-0.02617","0.00035","0","0","13.56","Humid","62.83","1","54.00","229725.67","SABD0001000008","AAV1.0.0.11","2.1.0.443","PSt7-10","170929-005","6/6/2018 9:09:52 AM","1443-01","0","no battery","V"
"07/06/2018","12:48:09","10","default","196169367","O10","11.328","min","166.663","μmol/L","Humid","20.061","deg","121391","µV","34.254","°C","1011.000","hPa","39.0","pmil","0","55.560","deg","20.000","°C","100.000","%a.s.","22.010","deg","20.000","°C","978.000","hPa","0.861","-0.02617","0.00035","0","0","13.56","Humid","62.83","1","54.00","229728.15","SABD0001000008","AAV1.0.0.11","2.1.0.443","PSt7-10","170929-005","6/6/2018 9:09:52 AM","1443-01","0","no battery","V"
"07/06/2018","12:48:10","10","default","196169367","O10","11.344","min","166.727","μmol/L","Humid","20.058","deg","121395","µV","34.251","°C","1011.000","hPa","39.0","pmil","0","55.560","deg","20.000","°C","100.000","%a.s.","22.010","deg","20.000","°C","978.000","hPa","0.861","-0.02617","0.00035","0","0","13.56","Humid","62.83","1","54.00","229729.74","SABD0001000008","AAV1.0.0.11","2.1.0.443","PSt7-10","170929-005","6/6/2018 9:09:52 AM","1443-01","0","no battery","V"
"07/06/2018","12:48:11","10","default","196169367","O10","11.361","min","166.722","μmol/L","Humid","20.058","deg","121401","µV","34.252","°C","1011.000","hPa","39.0","pmil","0","55.560","deg","20.000","°C","100.000","%a.s.","22.010","deg","20.000","°C","978.000","hPa","0.861","-0.02617","0.00035","0","0","13.56","Humid","62.83","1","54.00","229709.72","SABD0001000008","AAV1.0.0.11","2.1.0.443","PSt7-10","170929-005","6/6/2018 9:09:52 AM","1443-01","0","no battery","V"
"07/06/2018","12:48:12","10","default","196169367","O10","11.378","min","166.819","μmol/L","Humid","20.056","deg","121394","µV","34.241","°C","1011.000","hPa","39.0","pmil","0","55.560","deg","20.000","°C","100.000","%a.s.","22.010","deg","20.000","°C","978.000","hPa","0.861","-0.02617","0.00035","0","0","13.56","Humid","62.83","1","54.00","229725.70","SABD0001000008","AAV1.0.0.11","2.1.0.443","PSt7-10","170929-005","6/6/2018 9:09:52 AM","1443-01","0","no battery","V"
"07/06/2018","12:48:13","10","default","196169367","O10","11.394","min","166.703","μmol/L","Humid","20.059","deg","121399","µV","34.252","°C","1011.000","hPa","39.0","pmil","0","55.560","deg","20.000","°C","100.000","%a.s.","22.010","deg","20.000","°C","978.000","hPa","0.861","-0.02617","0.00035","0","0","13.56","Humid","62.83","1","54.00","229723.95","SABD0001000008","AAV1.0.0.11","2.1.0.443","PSt7-10","170929-005","6/6/2018 9:09:52 AM","1443-01","0","no battery","V"
"07/06/2018","12:48:14","10","default","196169367","O10","11.411","min","166.713","μmol/L","Humid","20.059","deg","121405","µV","34.251","°C","1011.000","hPa","39.0","pmil","0","55.560","deg","20.000","°C","100.000","%a.s.","22.010","deg","20.000","°C","978.000","hPa","0.861","-0.02617","0.00035","0","0","13.56","Humid","62.83","1","54.00","229726.44","SABD0001000008","AAV1.0.0.11","2.1.0.443","PSt7-10","170929-005","6/6/2018 9:09:52 AM","1443-01","0","no battery","V"
"07/06/2018","12:48:15","10","default","196169367","O10","11.428","min","166.679","μmol/L","Humid","20.062","deg","121411","µV","34.249","°C","1011.000","hPa","39.0","pmil","0","55.560","deg","20.000","°C","100.000","%a.s.","22.010","deg","20.000","°C","978.000","hPa","0.861","-0.02617","0.00035","0","0","13.56","Humid","62.83","1","54.00","229734.21","SABD0001000008","AAV1.0.0.11","2.1.0.443","PSt7-10","170929-005","6/6/2018 9:09:52 AM","1443-01","0","no battery","V"
"07/06/2018","12:48:16","10","default","196169367","O10","11.445","min","166.742","μmol/L","Humid","20.060","deg","121401","µV","34.243","°C","1011.000","hPa","39.0","pmil","0","55.560","deg","20.000","°C","100.000","%a.s.","22.010","deg","20.000","°C","978.000","hPa","0.861","-0.02617","0.00035","0","0","13.56","Humid","62.83","1","54.00","229724.66","SABD0001000008","AAV1.0.0.11","2.1.0.443","PSt7-10","170929-005","6/6/2018 9:09:52 AM","1443-01","0","no battery","V"
"07/06/2018","12:48:17","10","default","196169367","O10","11.461","min","166.827","μmol/L","Humid","20.054","deg","121399","µV","34.244","°C","1011.000","hPa","39.0","pmil","0","55.560","deg","20.000","°C","100.000","%a.s.","22.010","deg","20.000","°C","978.000","hPa","0.861","-0.02617","0.00035","0","0","13.56","Humid","62.83","1","54.00","229723.99","SABD0001000008","AAV1.0.0.11","2.1.0.443","PSt7-10","170929-005","6/6/2018 9:09:52 AM","1443-01","0","no battery","V"
"07/06/2018","12:48:18","10","default","196169367","O10","11.478","min","166.682","μmol/L","Humid","20.057","deg","121393","µV","34.261","°C","1011.000","hPa","39.0","pmil","0","55.560","deg","20.000","°C","100.000","%a.s.","22.010","deg","20.000","°C","978.000","hPa","0.861","-0.02617","0.00035","0","0","13.56","Humid","62.83","1","54.00","229717.98","SABD0001000008","AAV1.0.0.11","2.1.0.443","PSt7-10","170929-005","6/6/2018 9:09:52 AM","1443-01","0","no battery","V"
"07/06/2018","12:48:19","10","default","196169367","O10","11.495","min","166.613","μmol/L","Humid","20.060","deg","121402","µV","34.265","°C","1011.000","hPa","39.0","pmil","0","55.560","deg","20.000","°C","100.000","%a.s.","22.010","deg","20.000","°C","978.000","hPa","0.861","-0.02617","0.00035","0","0","13.56","Humid","62.83","1","54.00","229714.71","SABD0001000008","AAV1.0.0.11","2.1.0.443","PSt7-10","170929-005","6/6/2018 9:09:52 AM","1443-01","0","no battery","V"
"07/06/2018","12:48:20","10","default","196169367","O10","11.511","min","166.695","μmol/L","Humid","20.060","deg","121400","µV","34.251","°C","1011.000","hPa","39.0","pmil","0","55.560","deg","20.000","°C","100.000","%a.s.","22.010","deg","20.000","°C","978.000","hPa","0.861","-0.02617","0.00035","0","0","13.56","Humid","62.83","1","54.00","229721.36","SABD0001000008","AAV1.0.0.11","2.1.0.443","PSt7-10","170929-005","6/6/2018 9:09:52 AM","1443-01","0","no battery","V"
"07/06/2018","12:48:21","10","default","196169367","O10","11.527","min","166.569","μmol/L","Humid","20.065","deg","121407","µV","34.260","°C","1011.000","hPa","39.0","pmil","0","55.560","deg","20.000","°C","100.000","%a.s.","22.010","deg","20.000","°C","978.000","hPa","0.861","-0.02617","0.00035","0","0","13.56","Humid","62.83","1","54.00","229724.52","SABD0001000008","AAV1.0.0.11","2.1.0.443","PSt7-10","170929-005","6/6/2018 9:09:52 AM","1443-01","0","no battery","V"
"07/06/2018","12:48:22","10","default","196169367","O10","11.544","min","166.598","μmol/L","Humid","20.063","deg","121404","µV","34.260","°C","1011.000","hPa","39.0","pmil","0","55.560","deg","20.000","°C","100.000","%a.s.","22.010","deg","20.000","°C","978.000","hPa","0.861","-0.02617","0.00035","0","0","13.56","Humid","62.83","1","54.00","229723.72","SABD0001000008","AAV1.0.0.11","2.1.0.443","PSt7-10","170929-005","6/6/2018 9:09:52 AM","1443-01","0","no battery","V"
"07/06/2018","12:48:23","10","default","196169367","O10","11.561","min","166.565","μmol/L","Humid","20.062","deg","121408","µV","34.268","°C","1011.000","hPa","39.0","pmil","0","55.560","deg","20.000","°C","100.000","%a.s.","22.010","deg","20.000","°C","978.000","hPa","0.861","-0.02617","0.00035","0","0","13.56","Humid","62.83","1","54.00","229730.84","SABD0001000008","AAV1.0.0.11","2.1.0.443","PSt7-10","170929-005","6/6/2018 9:09:52 AM","1443-01","0","no battery","V"
"07/06/2018","12:48:24","10","default","196169367","O10","11.578","min","166.546","μmol/L","Humid","20.067","deg","121416","µV","34.258","°C","1011.000","hPa","39.0","pmil","0","55.560","deg","20.000","°C","100.000","%a.s.","22.010","deg","20.000","°C","978.000","hPa","0.861","-0.02617","0.00035","0","0","13.56","Humid","62.83","1","54.00","229721.15","SABD0001000008","AAV1.0.0.11","2.1.0.443","PSt7-10","170929-005","6/6/2018 9:09:52 AM","1443-01","0","no battery","V"
"07/06/2018","12:48:25","10","default","196169367","O10","11.594","min","166.599","μmol/L","Humid","20.063","deg","121408","µV","34.260","°C","1011.000","hPa","39.0","pmil","0","55.560","deg","20.000","°C","100.000","%a.s.","22.010","deg","20.000","°C","978.000","hPa","0.861","-0.02617","0.00035","0","0","13.56","Humid","62.83","1","54.00","229726.17","SABD0001000008","AAV1.0.0.11","2.1.0.443","PSt7-10","170929-005","6/6/2018 9:09:52 AM","1443-01","0","no battery","V"
"07/06/2018","12:48:26","10","default","196169367","O10","11.611","min","166.687","μmol/L","Humid","20.063","deg","121407","µV","34.245","°C","1011.000","hPa","39.0","pmil","0","55.560","deg","20.000","°C","100.000","%a.s.","22.010","deg","20.000","°C","978.000","hPa","0.861","-0.02617","0.00035","0","0","13.56","Humid","62.83","1","54.00","229723.91","SABD0001000008","AAV1.0.0.11","2.1.0.443","PSt7-10","170929-005","6/6/2018 9:09:52 AM","1443-01","0","no battery","V"
"07/06/2018","12:48:27","10","default","196169367","O10","11.628","min","166.697","μmol/L","Humid","20.061","deg","121418","µV","34.248","°C","1011.000","hPa","39.0","pmil","0","55.560","deg","20.000","°C","100.000","%a.s.","22.010","deg","20.000","°C","978.000","hPa","0.861","-0.02617","0.00035","0","0","13.56","Humid","62.83","1","54.00","229722.79","SABD0001000008","AAV1.0.0.11","2.1.0.443","PSt7-10","170929-005","6/6/2018 9:09:52 AM","1443-01","0","no battery","V"
"07/06/2018","12:48:28","10","default","196169367","O10","11.644","min","166.628","μmol/L","Humid","20.062","deg","121414","µV","34.257","°C","1011.000","hPa","39.0","pmil","0","55.560","deg","20.000","°C","100.000","%a.s.","22.010","deg","20.000","°C","978.000","hPa","0.861","-0.02617","0.00035","0","0","13.56","Humid","62.83","1","54.00","229720.42","SABD0001000008","AAV1.0.0.11","2.1.0.443","PSt7-10","170929-005","6/6/2018 9:09:52 AM","1443-01","0","no battery","V"
"07/06/2018","12:48:29","10","default","196169367","O10","11.661","min","166.665","μmol/L","Humid","20.063","deg","121422","µV","34.248","°C","1011.000","hPa","39.0","pmil","0","55.560","deg","20.000","°C","100.000","%a.s.","22.010","deg","20.000","°C","978.000","hPa","0.861","-0.02617","0.00035","0","0","13.56","Humid","62.83","1","54.00","229728.06","SABD0001000008","AAV1.0.0.11","2.1.0.443","PSt7-10","170929-005","6/6/2018 9:09:52 AM","1443-01","0","no battery","V"
"07/06/2018","12:48:30","10","default","196169367","O10","11.678","min","166.636","μmol/L","Humid","20.062","deg","121423","µV","34.256","°C","1011.000","hPa","39.0","pmil","0","55.560","deg","20.000","°C","100.000","%a.s.","22.010","deg","20.000","°C","978.000","hPa","0.861","-0.02617","0.00035","0","0","13.56","Humid","62.83","1","54.00","229720.58","SABD0001000008","AAV1.0.0.11","2.1.0.443","PSt7-10","170929-005","6/6/2018 9:09:52 AM","1443-01","0","no battery","V"
"07/06/2018","12:48:31","10","default","196169367","O10","11.694","min","166.696","μmol/L","Humid","20.061","deg","121418","µV","34.248","°C","1011.000","hPa","39.0","pmil","0","55.560","deg","20.000","°C","100.000","%a.s.","22.010","deg","20.000","°C","978.000","hPa","0.861","-0.02617","0.00035","0","0","13.56","Humid","62.83","1","54.00","229713.59","SABD0001000008","AAV1.0.0.11","2.1.0.443","PSt7-10","170929-005","6/6/2018 9:09:52 AM","1443-01","0","no battery","V"
"07/06/2018","12:48:32","10","default","196169367","O10","11.711","min","166.563","μmol/L","Humid","20.067","deg","121426","µV","34.255","°C","1011.000","hPa","39.0","pmil","0","55.560","deg","20.000","°C","100.000","%a.s.","22.010","deg","20.000","°C","978.000","hPa","0.861","-0.02617","0.00035","0","0","13.56","Humid","62.83","1","54.00","229719.36","SABD0001000008","AAV1.0.0.11","2.1.0.443","PSt7-10","170929-005","6/6/2018 9:09:52 AM","1443-01","0","no battery","V"
"07/06/2018","12:48:33","10","default","196169367","O10","11.728","min","166.622","μmol/L","Humid","20.064","deg","121427","µV","34.253","°C","1011.000","hPa","39.0","pmil","0","55.560","deg","20.000","°C","100.000","%a.s.","22.010","deg","20.000","°C","978.000","hPa","0.861","-0.02617","0.00035","0","0","13.56","Humid","62.83","1","54.00","229720.08","SABD0001000008","AAV1.0.0.11","2.1.0.443","PSt7-10","170929-005","6/6/2018 9:09:52 AM","1443-01","0","no battery","V"
"07/06/2018","12:48:34","10","default","196169367","O10","11.745","min","166.530","μmol/L","Humid","20.068","deg","121430","µV","34.258","°C","1011.000","hPa","39.0","pmil","0","55.560","deg","20.000","°C","100.000","%a.s.","22.010","deg","20.000","°C","978.000","hPa","0.861","-0.02617","0.00035","0","0","13.56","Humid","62.83","1","54.00","229718.01","SABD0001000008","AAV1.0.0.11","2.1.0.443","PSt7-10","170929-005","6/6/2018 9:09:52 AM","1443-01","0","no battery","V"
"07/06/2018","12:48:35","10","default","196169367","O10","11.761","min","166.587","μmol/L","Humid","20.070","deg","121423","µV","34.244","°C","1011.000","hPa","39.0","pmil","0","55.560","deg","20.000","°C","100.000","%a.s.","22.010","deg","20.000","°C","978.000","hPa","0.861","-0.02617","0.00035","0","0","13.56","Humid","62.83","1","54.00","229719.01","SABD0001000008","AAV1.0.0.11","2.1.0.443","PSt7-10","170929-005","6/6/2018 9:09:52 AM","1443-01","0","no battery","V"
"07/06/2018","12:48:36","10","default","196169367","O10","11.777","min","166.625","μmol/L","Humid","20.068","deg","121442","µV","34.243","°C","1011.000","hPa","39.0","pmil","0","55.560","deg","20.000","°C","100.000","%a.s.","22.010","deg","20.000","°C","978.000","hPa","0.861","-0.02617","0.00035","0","0","13.56","Humid","62.83","1","54.00","229725.91","SABD0001000008","AAV1.0.0.11","2.1.0.443","PSt7-10","170929-005","6/6/2018 9:09:52 AM","1443-01","0","no battery","V"
"07/06/2018","12:48:37","10","default","196169367","O10","11.795","min","166.521","μmol/L","Humid","20.068","deg","121448","µV","34.260","°C","1011.000","hPa","39.0","pmil","0","55.560","deg","20.000","°C","100.000","%a.s.","22.010","deg","20.000","°C","978.000","hPa","0.861","-0.02617","0.00035","0","0","13.56","Humid","62.83","1","54.00","229715.98","SABD0001000008","AAV1.0.0.11","2.1.0.443","PSt7-10","170929-005","6/6/2018 9:09:52 AM","1443-01","0","no battery","V"
"07/06/2018","12:48:38","10","default","196169367","O10","11.811","min","166.603","μmol/L","Humid","20.063","deg","121438","µV","34.259","°C","1011.000","hPa","39.0","pmil","0","55.560","deg","20.000","°C","100.000","%a.s.","22.010","deg","20.000","°C","978.000","hPa","0.861","-0.02617","0.00035","0","0","13.56","Humid","62.83","1","54.00","229730.80","SABD0001000008","AAV1.0.0.11","2.1.0.443","PSt7-10","170929-005","6/6/2018 9:09:52 AM","1443-01","0","no battery","V"
"07/06/2018","12:48:39","10","default","196169367","O10","11.828","min","166.500","μmol/L","Humid","20.071","deg","121435","µV","34.256","°C","1011.000","hPa","39.0","pmil","0","55.560","deg","20.000","°C","100.000","%a.s.","22.010","deg","20.000","°C","978.000","hPa","0.861","-0.02617","0.00035","0","0","13.56","Humid","62.83","1","54.00","229725.48","SABD0001000008","AAV1.0.0.11","2.1.0.443","PSt7-10","170929-005","6/6/2018 9:09:52 AM","1443-01","0","no battery","V"
"07/06/2018","12:48:40","10","default","196169367","O10","11.844","min","166.511","μmol/L","Humid","20.070","deg","121451","µV","34.256","°C","1011.000","hPa","39.0","pmil","0","55.560","deg","20.000","°C","100.000","%a.s.","22.010","deg","20.000","°C","978.000","hPa","0.861","-0.02617","0.00035","0","0","13.56","Humid","62.83","1","54.00","229728.61","SABD0001000008","AAV1.0.0.11","2.1.0.443","PSt7-10","170929-005","6/6/2018 9:09:52 AM","1443-01","0","no battery","V"
"07/06/2018","12:48:41","10","default","196169367","O10","11.861","min","166.464","μmol/L","Humid","20.072","deg","121445","µV","34.259","°C","1011.000","hPa","39.0","pmil","0","55.560","deg","20.000","°C","100.000","%a.s.","22.010","deg","20.000","°C","978.000","hPa","0.861","-0.02617","0.00035","0","0","13.56","Humid","62.83","1","54.00","229719.87","SABD0001000008","AAV1.0.0.11","2.1.0.443","PSt7-10","170929-005","6/6/2018 9:09:52 AM","1443-01","0","no battery","V"
"07/06/2018","12:48:42","10","default","196169367","O10","11.878","min","166.514","μmol/L","Humid","20.067","deg","121454","µV","34.264","°C","1011.000","hPa","39.0","pmil","0","55.560","deg","20.000","°C","100.000","%a.s.","22.010","deg","20.000","°C","978.000","hPa","0.861","-0.02617","0.00035","0","0","13.56","Humid","62.83","1","54.00","229720.03","SABD0001000008","AAV1.0.0.11","2.1.0.443","PSt7-10","170929-005","6/6/2018 9:09:52 AM","1443-01","0","no battery","V"
"07/06/2018","12:48:43","10","default","196169367","O10","11.894","min","166.502","μmol/L","Humid","20.071","deg","121460","µV","34.255","°C","1011.000","hPa","39.0","pmil","0","55.560","deg","20.000","°C","100.000","%a.s.","22.010","deg","20.000","°C","978.000","hPa","0.861","-0.02617","0.00035","0","0","13.56","Humid","62.83","1","54.00","229728.17","SABD0001000008","AAV1.0.0.11","2.1.0.443","PSt7-10","170929-005","6/6/2018 9:09:52 AM","1443-01","0","no battery","V"
"07/06/2018","12:48:44","10","default","196169367","O10","11.911","min","166.563","μmol/L","Humid","20.071","deg","121457","µV","34.245","°C","1011.000","hPa","39.0","pmil","0","55.560","deg","20.000","°C","100.000","%a.s.","22.010","deg","20.000","°C","978.000","hPa","0.861","-0.02617","0.00035","0","0","13.56","Humid","62.83","1","54.00","229720.96","SABD0001000008","AAV1.0.0.11","2.1.0.443","PSt7-10","170929-005","6/6/2018 9:09:52 AM","1443-01","0","no battery","V"
"07/06/2018","12:48:45","10","default","196169367","O10","11.927","min","166.497","μmol/L","Humid","20.070","deg","121458","µV","34.259","°C","1011.000","hPa","39.0","pmil","0","55.560","deg","20.000","°C","100.000","%a.s.","22.010","deg","20.000","°C","978.000","hPa","0.861","-0.02617","0.00035","0","0","13.56","Humid","62.83","1","54.00","229728.56","SABD0001000008","AAV1.0.0.11","2.1.0.443","PSt7-10","170929-005","6/6/2018 9:09:52 AM","1443-01","0","no battery","V"
"07/06/2018","12:48:46","10","default","196169367","O10","11.945","min","166.493","μmol/L","Humid","20.073","deg","121464","µV","34.252","°C","1011.000","hPa","39.0","pmil","0","55.560","deg","20.000","°C","100.000","%a.s.","22.010","deg","20.000","°C","978.000","hPa","0.861","-0.02617","0.00035","0","0","13.56","Humid","62.83","1","54.00","229722.23","SABD0001000008","AAV1.0.0.11","2.1.0.443","PSt7-10","170929-005","6/6/2018 9:09:52 AM","1443-01","0","no battery","V"
"07/06/2018","12:48:47","10","default","196169367","O10","11.961","min","166.418","μmol/L","Humid","20.071","deg","121468","µV","34.269","°C","1011.000","hPa","39.0","pmil","0","55.560","deg","20.000","°C","100.000","%a.s.","22.010","deg","20.000","°C","978.000","hPa","0.861","-0.02617","0.00035","0","0","13.56","Humid","62.83","1","54.00","229729.76","SABD0001000008","AAV1.0.0.11","2.1.0.443","PSt7-10","170929-005","6/6/2018 9:09:52 AM","1443-01","0","no battery","V"
"07/06/2018","12:48:48","10","default","196169367","O10","11.978","min","166.454","μmol/L","Humid","20.074","deg","121471","µV","34.256","°C","1011.000","hPa","39.0","pmil","0","55.560","deg","20.000","°C","100.000","%a.s.","22.010","deg","20.000","°C","978.000","hPa","0.861","-0.02617","0.00035","0","0","13.56","Humid","62.83","1","54.00","229729.34","SABD0001000008","AAV1.0.0.11","2.1.0.443","PSt7-10","170929-005","6/6/2018 9:09:52 AM","1443-01","0","no battery","V"
"07/06/2018","12:48:49","10","default","196169367","O10","11.994","min","166.487","μmol/L","Humid","20.073","deg","121471","µV","34.253","°C","1011.000","hPa","39.0","pmil","0","55.560","deg","20.000","°C","100.000","%a.s.","22.010","deg","20.000","°C","978.000","hPa","0.861","-0.02617","0.00035","0","0","13.56","Humid","62.83","1","54.00","229725.98","SABD0001000008","AAV1.0.0.11","2.1.0.443","PSt7-10","170929-005","6/6/2018 9:09:52 AM","1443-01","0","no battery","V"
"07/06/2018","12:48:50","10","default","196169367","O10","12.011","min","166.483","μmol/L","Humid","20.074","deg","121481","µV","34.251","°C","1011.000","hPa","39.0","pmil","0","55.560","deg","20.000","°C","100.000","%a.s.","22.010","deg","20.000","°C","978.000","hPa","0.861","-0.02617","0.00035","0","0","13.56","Humid","62.83","1","54.00","229712.62","SABD0001000008","AAV1.0.0.11","2.1.0.443","PSt7-10","170929-005","6/6/2018 9:09:52 AM","1443-01","0","no battery","V"
"07/06/2018","12:48:51","10","default","196169367","O10","12.028","min","166.480","μmol/L","Humid","20.075","deg","121477","µV","34.249","°C","1011.000","hPa","39.0","pmil","0","55.560","deg","20.000","°C","100.000","%a.s.","22.010","deg","20.000","°C","978.000","hPa","0.861","-0.02617","0.00035","0","0","13.56","Humid","62.83","1","54.00","229707.32","SABD0001000008","AAV1.0.0.11","2.1.0.443","PSt7-10","170929-005","6/6/2018 9:09:52 AM","1443-01","0","no battery","V"
"07/06/2018","12:48:52","10","default","196169367","O10","12.045","min","166.460","μmol/L","Humid","20.075","deg","121476","µV","34.252","°C","1011.000","hPa","39.0","pmil","0","55.560","deg","20.000","°C","100.000","%a.s.","22.010","deg","20.000","°C","978.000","hPa","0.861","-0.02617","0.00035","0","0","13.56","Humid","62.83","1","54.00","229705.29","SABD0001000008","AAV1.0.0.11","2.1.0.443","PSt7-10","170929-005","6/6/2018 9:09:52 AM","1443-01","0","no battery","V"
"07/06/2018","12:48:53","10","default","196169367","O10","12.061","min","166.479","μmol/L","Humid","20.078","deg","121471","µV","34.242","°C","1011.000","hPa","39.0","pmil","0","55.560","deg","20.000","°C","100.000","%a.s.","22.010","deg","20.000","°C","978.000","hPa","0.861","-0.02617","0.00035","0","0","13.56","Humid","62.83","1","54.00","229709.74","SABD0001000008","AAV1.0.0.11","2.1.0.443","PSt7-10","170929-005","6/6/2018 9:09:52 AM","1443-01","0","no battery","V"
"07/06/2018","12:48:54","10","default","196169367","O10","12.078","min","166.470","μmol/L","Humid","20.074","deg","121481","µV","34.253","°C","1011.000","hPa","39.0","pmil","0","55.560","deg","20.000","°C","100.000","%a.s.","22.010","deg","20.000","°C","978.000","hPa","0.861","-0.02617","0.00035","0","0","13.56","Humid","62.83","1","54.00","229707.17","SABD0001000008","AAV1.0.0.11","2.1.0.443","PSt7-10","170929-005","6/6/2018 9:09:52 AM","1443-01","0","no battery","V"
"07/06/2018","12:48:55","10","default","196169367","O10","12.094","min","166.471","μmol/L","Humid","20.075","deg","121472","µV","34.250","°C","1011.000","hPa","39.0","pmil","0","55.560","deg","20.000","°C","100.000","%a.s.","22.010","deg","20.000","°C","978.000","hPa","0.861","-0.02617","0.00035","0","0","13.56","Humid","62.83","1","54.00","229717.26","SABD0001000008","AAV1.0.0.11","2.1.0.443","PSt7-10","170929-005","6/6/2018 9:09:52 AM","1443-01","0","no battery","V"
"07/06/2018","12:48:56","10","default","196169367","O10","12.111","min","166.367","μmol/L","Humid","20.075","deg","121477","µV","34.268","°C","1011.000","hPa","39.0","pmil","0","55.560","deg","20.000","°C","100.000","%a.s.","22.010","deg","20.000","°C","978.000","hPa","0.861","-0.02617","0.00035","0","0","13.56","Humid","62.83","1","54.00","229716.62","SABD0001000008","AAV1.0.0.11","2.1.0.443","PSt7-10","170929-005","6/6/2018 9:09:52 AM","1443-01","0","no battery","V"
"07/06/2018","12:48:57","10","default","196169367","O10","12.128","min","166.391","μmol/L","Humid","20.075","deg","121484","µV","34.264","°C","1011.000","hPa","39.0","pmil","0","55.560","deg","20.000","°C","100.000","%a.s.","22.010","deg","20.000","°C","978.000","hPa","0.861","-0.02617","0.00035","0","0","13.56","Humid","62.83","1","54.00","229714.82","SABD0001000008","AAV1.0.0.11","2.1.0.443","PSt7-10","170929-005","6/6/2018 9:09:52 AM","1443-01","0","no battery","V"
"07/06/2018","12:48:58","10","default","196169367","O10","12.144","min","166.302","μmol/L","Humid","20.079","deg","121486","µV","34.269","°C","1011.000","hPa","39.0","pmil","0","55.560","deg","20.000","°C","100.000","%a.s.","22.010","deg","20.000","°C","978.000","hPa","0.861","-0.02617","0.00035","0","0","13.56","Humid","62.83","1","54.00","229711.30","SABD0001000008","AAV1.0.0.11","2.1.0.443","PSt7-10","170929-005","6/6/2018 9:09:52 AM","1443-01","0","no battery","V"
"07/06/2018","12:48:59","10","default","196169367","O10","12.161","min","166.450","μmol/L","Humid","20.074","deg","121504","µV","34.257","°C","1011.000","hPa","39.0","pmil","0","55.560","deg","20.000","°C","100.000","%a.s.","22.010","deg","20.000","°C","978.000","hPa","0.861","-0.02617","0.00035","0","0","13.56","Humid","62.83","1","54.00","229701.86","SABD0001000008","AAV1.0.0.11","2.1.0.443","PSt7-10","170929-005","6/6/2018 9:09:52 AM","1443-01","0","no battery","V"
"07/06/2018","12:49:00","10","default","196169367","O10","12.177","min","166.278","μmol/L","Humid","20.080","deg","121505","µV","34.270","°C","1011.000","hPa","39.0","pmil","0","55.560","deg","20.000","°C","100.000","%a.s.","22.010","deg","20.000","°C","978.000","hPa","0.861","-0.02617","0.00035","0","0","13.56","Humid","62.83","1","54.00","229716.46","SABD0001000008","AAV1.0.0.11","2.1.0.443","PSt7-10","170929-005","6/6/2018 9:09:52 AM","1443-01","0","no battery","V"
"07/06/2018","12:49:01","10","default","196169367","O10","12.194","min","166.317","μmol/L","Humid","20.078","deg","121492","µV","34.269","°C","1011.000","hPa","39.0","pmil","0","55.560","deg","20.000","°C","100.000","%a.s.","22.010","deg","20.000","°C","978.000","hPa","0.861","-0.02617","0.00035","0","0","13.56","Humid","62.83","1","54.00","229712.57","SABD0001000008","AAV1.0.0.11","2.1.0.443","PSt7-10","170929-005","6/6/2018 9:09:52 AM","1443-01","0","no battery","V"
"07/06/2018","12:49:02","10","default","196169367","O10","12.211","min","166.289","μmol/L","Humid","20.079","deg","121504","µV","34.271","°C","1011.000","hPa","39.0","pmil","0","55.560","deg","20.000","°C","100.000","%a.s.","22.010","deg","20.000","°C","978.000","hPa","0.861","-0.02617","0.00035","0","0","13.56","Humid","62.83","1","54.00","229720.42","SABD0001000008","AAV1.0.0.11","2.1.0.443","PSt7-10","170929-005","6/6/2018 9:09:52 AM","1443-01","0","no battery","V"
"07/06/2018","12:49:03","10","default","196169367","O10","12.228","min","166.304","μmol/L","Humid","20.082","deg","121512","µV","34.261","°C","1011.000","hPa","39.0","pmil","0","55.560","deg","20.000","°C","100.000","%a.s.","22.010","deg","20.000","°C","978.000","hPa","0.861","-0.02617","0.00035","0","0","13.56","Humid","62.83","1","54.00","229715.11","SABD0001000008","AAV1.0.0.11","2.1.0.443","PSt7-10","170929-005","6/6/2018 9:09:52 AM","1443-01","0","no battery","V"
"07/06/2018","12:49:04","10","default","196169367","O10","12.244","min","166.318","μmol/L","Humid","20.082","deg","121514","µV","34.258","°C","1011.000","hPa","39.0","pmil","0","55.560","deg","20.000","°C","100.000","%a.s.","22.010","deg","20.000","°C","978.000","hPa","0.861","-0.02617","0.00035","0","0","13.56","Humid","62.83","1","54.00","229713.87","SABD0001000008","AAV1.0.0.11","2.1.0.443","PSt7-10","170929-005","6/6/2018 9:09:52 AM","1443-01","0","no battery","V"
"07/06/2018","12:49:05","10","default","196169367","O10","12.261","min","166.346","μmol/L","Humid","20.078","deg","121518","µV","34.264","°C","1011.000","hPa","39.0","pmil","0","55.560","deg","20.000","°C","100.000","%a.s.","22.010","deg","20.000","°C","978.000","hPa","0.861","-0.02617","0.00035","0","0","13.56","Humid","62.83","1","54.00","229697.96","SABD0001000008","AAV1.0.0.11","2.1.0.443","PSt7-10","170929-005","6/6/2018 9:09:52 AM","1443-01","0","no battery","V"
"07/06/2018","12:49:06","10","default","196169367","O10","12.278","min","166.271","μmol/L","Humid","20.081","deg","121519","µV","34.269","°C","1011.000","hPa","39.0","pmil","0","55.560","deg","20.000","°C","100.000","%a.s.","22.010","deg","20.000","°C","978.000","hPa","0.861","-0.02617","0.00035","0","0","13.56","Humid","62.83","1","54.00","229715.87","SABD0001000008","AAV1.0.0.11","2.1.0.443","PSt7-10","170929-005","6/6/2018 9:09:52 AM","1443-01","0","no battery","V"
"07/06/2018","12:49:07","10","default","196169367","O10","12.294","min","166.308","μmol/L","Humid","20.083","deg","121516","µV","34.257","°C","1011.000","hPa","39.0","pmil","0","55.560","deg","20.000","°C","100.000","%a.s.","22.010","deg","20.000","°C","978.000","hPa","0.861","-0.02617","0.00035","0","0","13.56","Humid","62.83","1","54.00","229705.34","SABD0001000008","AAV1.0.0.11","2.1.0.443","PSt7-10","170929-005","6/6/2018 9:09:52 AM","1443-01","0","no battery","V"
"07/06/2018","12:49:08","10","default","196169367","O10","12.311","min","166.240","μmol/L","Humid","20.084","deg","121519","µV","34.266","°C","1011.000","hPa","39.0","pmil","0","55.560","deg","20.000","°C","100.000","%a.s.","22.010","deg","20.000","°C","978.000","hPa","0.861","-0.02617","0.00035","0","0","13.56","Humid","62.83","1","54.00","229703.30","SABD0001000008","AAV1.0.0.11","2.1.0.443","PSt7-10","170929-005","6/6/2018 9:09:52 AM","1443-01","0","no battery","V"
"07/06/2018","12:49:09","10","default","196169367","O10","12.328","min","166.273","μmol/L","Humid","20.083","deg","121519","µV","34.263","°C","1011.000","hPa","39.0","pmil","0","55.560","deg","20.000","°C","100.000","%a.s.","22.010","deg","20.000","°C","978.000","hPa","0.861","-0.02617","0.00035","0","0","13.56","Humid","62.83","1","54.00","229704.25","SABD0001000008","AAV1.0.0.11","2.1.0.443","PSt7-10","170929-005","6/6/2018 9:09:52 AM","1443-01","0","no battery","V"
"07/06/2018","12:49:10","10","default","196169367","O10","12.344","min","166.329","μmol/L","Humid","20.080","deg","121533","µV","34.261","°C","1011.000","hPa","39.0","pmil","0","55.560","deg","20.000","°C","100.000","%a.s.","22.010","deg","20.000","°C","978.000","hPa","0.861","-0.02617","0.00035","0","0","13.56","Humid","62.83","1","54.00","229714.07","SABD0001000008","AAV1.0.0.11","2.1.0.443","PSt7-10","170929-005","6/6/2018 9:09:52 AM","1443-01","0","no battery","V"
"07/06/2018","12:49:11","10","default","196169367","O10","12.361","min","166.239","μmol/L","Humid","20.083","deg","121520","µV","34.269","°C","1011.000","hPa","39.0","pmil","0","55.560","deg","20.000","°C","100.000","%a.s.","22.010","deg","20.000","°C","978.000","hPa","0.861","-0.02617","0.00035","0","0","13.56","Humid","62.83","1","54.00","229703.71","SABD0001000008","AAV1.0.0.11","2.1.0.443","PSt7-10","170929-005","6/6/2018 9:09:52 AM","1443-01","0","no battery","V"
"07/06/2018","12:49:12","10","default","196169367","O10","12.377","min","166.226","μmol/L","Humid","20.083","deg","121525","µV","34.271","°C","1011.000","hPa","39.0","pmil","0","55.560","deg","20.000","°C","100.000","%a.s.","22.010","deg","20.000","°C","978.000","hPa","0.861","-0.02617","0.00035","0","0","13.56","Humid","62.83","1","54.00","229712.93","SABD0001000008","AAV1.0.0.11","2.1.0.443","PSt7-10","170929-005","6/6/2018 9:09:52 AM","1443-01","0","no battery","V"
"07/06/2018","12:49:13","10","default","196169367","O10","12.394","min","166.336","μmol/L","Humid","20.086","deg","121529","µV","34.245","°C","1011.000","hPa","39.0","pmil","0","55.560","deg","20.000","°C","100.000","%a.s.","22.010","deg","20.000","°C","978.000","hPa","0.861","-0.02617","0.00035","0","0","13.56","Humid","62.83","1","54.00","229699.82","SABD0001000008","AAV1.0.0.11","2.1.0.443","PSt7-10","170929-005","6/6/2018 9:09:52 AM","1443-01","0","no battery","V"
"07/06/2018","12:49:14","10","default","196169367","O10","12.411","min","166.399","μmol/L","Humid","20.083","deg","121533","µV","34.242","°C","1011.000","hPa","39.0","pmil","0","55.560","deg","20.000","°C","100.000","%a.s.","22.010","deg","20.000","°C","978.000","hPa","0.861","-0.02617","0.00035","0","0","13.56","Humid","62.83","1","54.00","229704.52","SABD0001000008","AAV1.0.0.11","2.1.0.443","PSt7-10","170929-005","6/6/2018 9:09:52 AM","1443-01","0","no battery","V"
"07/06/2018","12:49:15","10","default","196169367","O10","12.429","min","166.219","μmol/L","Humid","20.083","deg","121538","µV","34.272","°C","1011.000","hPa","39.0","pmil","0","55.560","deg","20.000","°C","100.000","%a.s.","22.010","deg","20.000","°C","978.000","hPa","0.861","-0.02617","0.00035","0","0","13.56","Humid","62.83","1","54.00","229710.54","SABD0001000008","AAV1.0.0.11","2.1.0.443","PSt7-10","170929-005","6/6/2018 9:09:52 AM","1443-01","0","no battery","V"
"07/06/2018","12:49:16","10","default","196169367","O10","12.444","min","166.192","μmol/L","Humid","20.083","deg","121533","µV","34.277","°C","1011.000","hPa","39.0","pmil","0","55.560","deg","20.000","°C","100.000","%a.s.","22.010","deg","20.000","°C","978.000","hPa","0.861","-0.02617","0.00035","0","0","13.56","Humid","62.83","1","54.00","229710.83","SABD0001000008","AAV1.0.0.11","2.1.0.443","PSt7-10","170929-005","6/6/2018 9:09:52 AM","1443-01","0","no battery","V"
"07/06/2018","12:49:17","10","default","196169367","O10","12.461","min","166.188","μmol/L","Humid","20.087","deg","121534","µV","34.267","°C","1011.000","hPa","39.0","pmil","0","55.560","deg","20.000","°C","100.000","%a.s.","22.010","deg","20.000","°C","978.000","hPa","0.861","-0.02617","0.00035","0","0","13.56","Humid","62.83","1","54.00","229708.04","SABD0001000008","AAV1.0.0.11","2.1.0.443","PSt7-10","170929-005","6/6/2018 9:09:52 AM","1443-01","0","no battery","V"
"07/06/2018","12:49:18","10","default","196169367","O10","12.478","min","166.201","μmol/L","Humid","20.088","deg","121537","µV","34.263","°C","1011.000","hPa","39.0","pmil","0","55.560","deg","20.000","°C","100.000","%a.s.","22.010","deg","20.000","°C","978.000","hPa","0.861","-0.02617","0.00035","0","0","13.56","Humid","62.83","1","54.00","229705.77","SABD0001000008","AAV1.0.0.11","2.1.0.443","PSt7-10","170929-005","6/6/2018 9:09:52 AM","1443-01","0","no battery","V"
"07/06/2018","12:49:19","10","default","196169367","O10","12.495","min","166.224","μmol/L","Humid","20.083","deg","121547","µV","34.271","°C","1011.000","hPa","39.0","pmil","0","55.560","deg","20.000","°C","100.000","%a.s.","22.010","deg","20.000","°C","978.000","hPa","0.861","-0.02617","0.00035","0","0","13.56","Humid","62.83","1","54.00","229713.84","SABD0001000008","AAV1.0.0.11","2.1.0.443","PSt7-10","170929-005","6/6/2018 9:09:52 AM","1443-01","0","no battery","V"
"07/06/2018","12:49:20","10","default","196169367","O10","12.511","min","166.182","μmol/L","Humid","20.087","deg","121543","µV","34.268","°C","1011.000","hPa","39.0","pmil","0","55.560","deg","20.000","°C","100.000","%a.s.","22.010","deg","20.000","°C","978.000","hPa","0.861","-0.02617","0.00035","0","0","13.56","Humid","62.83","1","54.00","229712.94","SABD0001000008","AAV1.0.0.11","2.1.0.443","PSt7-10","170929-005","6/6/2018 9:09:52 AM","1443-01","0","no battery","V"
"07/06/2018","12:49:21","10","default","196169367","O10","12.528","min","166.130","μmol/L","Humid","20.091","deg","121553","µV","34.267","°C","1011.000","hPa","39.0","pmil","0","55.560","deg","20.000","°C","100.000","%a.s.","22.010","deg","20.000","°C","978.000","hPa","0.861","-0.02617","0.00035","0","0","13.56","Humid","62.83","1","54.00","229714.22","SABD0001000008","AAV1.0.0.11","2.1.0.443","PSt7-10","170929-005","6/6/2018 9:09:52 AM","1443-01","0","no battery","V"
"07/06/2018","12:49:22","10","default","196169367","O10","12.544","min","166.131","μmol/L","Humid","20.090","deg","121545","µV","34.269","°C","1011.000","hPa","39.0","pmil","0","55.560","deg","20.000","°C","100.000","%a.s.","22.010","deg","20.000","°C","978.000","hPa","0.861","-0.02617","0.00035","0","0","13.56","Humid","62.83","1","54.00","229704.06","SABD0001000008","AAV1.0.0.11","2.1.0.443","PSt7-10","170929-005","6/6/2018 9:09:52 AM","1443-01","0","no battery","V"
"07/06/2018","12:49:23","10","default","196169367","O10","12.561","min","166.178","μmol/L","Humid","20.086","deg","121553","µV","34.272","°C","1011.000","hPa","39.0","pmil","0","55.560","deg","20.000","°C","100.000","%a.s.","22.010","deg","20.000","°C","978.000","hPa","0.861","-0.02617","0.00035","0","0","13.56","Humid","62.83","1","54.00","229711.34","SABD0001000008","AAV1.0.0.11","2.1.0.443","PSt7-10","170929-005","6/6/2018 9:09:52 AM","1443-01","0","no battery","V"
"07/06/2018","12:49:24","10","default","196169367","O10","12.578","min","166.246","μmol/L","Humid","20.086","deg","121559","µV","34.260","°C","1011.000","hPa","39.0","pmil","0","55.560","deg","20.000","°C","100.000","%a.s.","22.010","deg","20.000","°C","978.000","hPa","0.861","-0.02617","0.00035","0","0","13.56","Humid","62.83","1","54.00","229714.93","SABD0001000008","AAV1.0.0.11","2.1.0.443","PSt7-10","170929-005","6/6/2018 9:09:52 AM","1443-01","0","no battery","V"
"07/06/2018","12:49:25","10","default","196169367","O10","12.594","min","166.160","μmol/L","Humid","20.090","deg","121560","µV","34.265","°C","1011.000","hPa","39.0","pmil","0","55.560","deg","20.000","°C","100.000","%a.s.","22.010","deg","20.000","°C","978.000","hPa","0.861","-0.02617","0.00035","0","0","13.56","Humid","62.83","1","54.00","229708.57","SABD0001000008","AAV1.0.0.11","2.1.0.443","PSt7-10","170929-005","6/6/2018 9:09:52 AM","1443-01","0","no battery","V"
"07/06/2018","12:49:26","10","default","196169367","O10","12.611","min","166.104","μmol/L","Humid","20.091","deg","121564","µV","34.271","°C","1011.000","hPa","39.0","pmil","0","55.560","deg","20.000","°C","100.000","%a.s.","22.010","deg","20.000","°C","978.000","hPa","0.861","-0.02617","0.00035","0","0","13.56","Humid","62.83","1","54.00","229709.95","SABD0001000008","AAV1.0.0.11","2.1.0.443","PSt7-10","170929-005","6/6/2018 9:09:52 AM","1443-01","0","no battery","V"
"07/06/2018","12:49:27","10","default","196169367","O10","12.628","min","166.114","μmol/L","Humid","20.090","deg","121567","µV","34.272","°C","1011.000","hPa","39.0","pmil","0","55.560","deg","20.000","°C","100.000","%a.s.","22.010","deg","20.000","°C","978.000","hPa","0.861","-0.02617","0.00035","0","0","13.56","Humid","62.83","1","54.00","229708.44","SABD0001000008","AAV1.0.0.11","2.1.0.443","PSt7-10","170929-005","6/6/2018 9:09:52 AM","1443-01","0","no battery","V"
"07/06/2018","12:49:28","10","default","196169367","O10","12.644","min","166.139","μmol/L","Humid","20.088","deg","121571","µV","34.273","°C","1011.000","hPa","39.0","pmil","0","55.560","deg","20.000","°C","100.000","%a.s.","22.010","deg","20.000","°C","978.000","hPa","0.861","-0.02617","0.00035","0","0","13.56","Humid","62.83","1","54.00","229705.17","SABD0001000008","AAV1.0.0.11","2.1.0.443","PSt7-10","170929-005","6/6/2018 9:09:52 AM","1443-01","0","no battery","V"
"07/06/2018","12:49:29","10","default","196169367","O10","12.661","min","166.274","μmol/L","Humid","20.088","deg","121574","µV","34.251","°C","1011.000","hPa","39.0","pmil","0","55.560","deg","20.000","°C","100.000","%a.s.","22.010","deg","20.000","°C","978.000","hPa","0.861","-0.02617","0.00035","0","0","13.56","Humid","62.83","1","54.00","229711.75","SABD0001000008","AAV1.0.0.11","2.1.0.443","PSt7-10","170929-005","6/6/2018 9:09:52 AM","1443-01","0","no battery","V"
"07/06/2018","12:49:30","10","default","196169367","O10","12.677","min","166.154","μmol/L","Humid","20.088","deg","121570","µV","34.271","°C","1011.000","hPa","39.0","pmil","0","55.560","deg","20.000","°C","100.000","%a.s.","22.010","deg","20.000","°C","978.000","hPa","0.861","-0.02617","0.00035","0","0","13.56","Humid","62.83","1","54.00","229702.16","SABD0001000008","AAV1.0.0.11","2.1.0.443","PSt7-10","170929-005","6/6/2018 9:09:52 AM","1443-01","0","no battery","V"
"07/06/2018","12:49:31","10","default","196169367","O10","12.695","min","166.136","μmol/L","Humid","20.090","deg","121578","µV","34.269","°C","1011.000","hPa","39.0","pmil","0","55.560","deg","20.000","°C","100.000","%a.s.","22.010","deg","20.000","°C","978.000","hPa","0.861","-0.02617","0.00035","0","0","13.56","Humid","62.83","1","54.00","229695.88","SABD0001000008","AAV1.0.0.11","2.1.0.443","PSt7-10","170929-005","6/6/2018 9:09:52 AM","1443-01","0","no battery","V"
"07/06/2018","12:49:32","10","default","196169367","O10","12.711","min","166.160","μmol/L","Humid","20.093","deg","121583","µV","34.257","°C","1011.000","hPa","39.0","pmil","0","55.560","deg","20.000","°C","100.000","%a.s.","22.010","deg","20.000","°C","978.000","hPa","0.861","-0.02617","0.00035","0","0","13.56","Humid","62.83","1","54.00","229711.56","SABD0001000008","AAV1.0.0.11","2.1.0.443","PSt7-10","170929-005","6/6/2018 9:09:52 AM","1443-01","0","no battery","V"
"07/06/2018","12:49:33","10","default","196169367","O10","12.728","min","166.115","μmol/L","Humid","20.089","deg","121583","µV","34.275","°C","1011.000","hPa","39.0","pmil","0","55.560","deg","20.000","°C","100.000","%a.s.","22.010","deg","20.000","°C","978.000","hPa","0.861","-0.02617","0.00035","0","0","13.56","Humid","62.83","1","54.00","229699.30","SABD0001000008","AAV1.0.0.11","2.1.0.443","PSt7-10","170929-005","6/6/2018 9:09:52 AM","1443-01","0","no battery","V"
"07/06/2018","12:49:34","10","default","196169367","O10","12.744","min","165.993","μmol/L","Humid","20.093","deg","121584","µV","34.285","°C","1011.000","hPa","39.0","pmil","0","55.560","deg","20.000","°C","100.000","%a.s.","22.010","deg","20.000","°C","978.000","hPa","0.861","-0.02617","0.00035","0","0","13.56","Humid","62.83","1","54.00","229707.36","SABD0001000008","AAV1.0.0.11","2.1.0.443","PSt7-10","170929-005","6/6/2018 9:09:52 AM","1443-01","0","no battery","V"
"07/06/2018","12:49:35","10","default","196169367","O10","12.761","min","165.971","μmol/L","Humid","20.096","deg","121594","µV","34.281","°C","1011.000","hPa","39.0","pmil","0","55.560","deg","20.000","°C","100.000","%a.s.","22.010","deg","20.000","°C","978.000","hPa","0.861","-0.02617","0.00035","0","0","13.56","Humid","62.83","1","54.00","229706.84","SABD0001000008","AAV1.0.0.11","2.1.0.443","PSt7-10","170929-005","6/6/2018 9:09:52 AM","1443-01","0","no battery","V"
"07/06/2018","12:49:36","10","default","196169367","O10","12.777","min","166.074","μmol/L","Humid","20.092","deg","121584","µV","34.274","°C","1011.000","hPa","39.0","pmil","0","55.560","deg","20.000","°C","100.000","%a.s.","22.010","deg","20.000","°C","978.000","hPa","0.861","-0.02617","0.00035","0","0","13.56","Humid","62.83","1","54.00","229701.43","SABD0001000008","AAV1.0.0.11","2.1.0.443","PSt7-10","170929-005","6/6/2018 9:09:52 AM","1443-01","0","no battery","V"
"07/06/2018","12:49:37","10","default","196169367","O10","12.794","min","166.057","μmol/L","Humid","20.096","deg","121591","µV","34.267","°C","1011.000","hPa","39.0","pmil","0","55.560","deg","20.000","°C","100.000","%a.s.","22.010","deg","20.000","°C","978.000","hPa","0.861","-0.02617","0.00035","0","0","13.56","Humid","62.83","1","54.00","229701.14","SABD0001000008","AAV1.0.0.11","2.1.0.443","PSt7-10","170929-005","6/6/2018 9:09:52 AM","1443-01","0","no battery","V"
"07/06/2018","12:49:38","10","default","196169367","O10","12.811","min","166.086","μmol/L","Humid","20.093","deg","121596","µV","34.269","°C","1011.000","hPa","39.0","pmil","0","55.560","deg","20.000","°C","100.000","%a.s.","22.010","deg","20.000","°C","978.000","hPa","0.861","-0.02617","0.00035","0","0","13.56","Humid","62.83","1","54.00","229703.66","SABD0001000008","AAV1.0.0.11","2.1.0.443","PSt7-10","170929-005","6/6/2018 9:09:52 AM","1443-01","0","no battery","V"
"07/06/2018","12:49:39","10","default","196169367","O10","12.828","min","166.066","μmol/L","Humid","20.095","deg","121595","µV","34.268","°C","1011.000","hPa","39.0","pmil","0","55.560","deg","20.000","°C","100.000","%a.s.","22.010","deg","20.000","°C","978.000","hPa","0.861","-0.02617","0.00035","0","0","13.56","Humid","62.83","1","54.00","229697.51","SABD0001000008","AAV1.0.0.11","2.1.0.443","PSt7-10","170929-005","6/6/2018 9:09:52 AM","1443-01","0","no battery","V"
"07/06/2018","12:49:40","10","default","196169367","O10","12.845","min","166.019","μmol/L","Humid","20.097","deg","121602","µV","34.270","°C","1011.000","hPa","39.0","pmil","0","55.560","deg","20.000","°C","100.000","%a.s.","22.010","deg","20.000","°C","978.000","hPa","0.861","-0.02617","0.00035","0","0","13.56","Humid","62.83","1","54.00","229714.04","SABD0001000008","AAV1.0.0.11","2.1.0.443","PSt7-10","170929-005","6/6/2018 9:09:52 AM","1443-01","0","no battery","V"
"07/06/2018","12:49:41","10","default","196169367","O10","12.861","min","166.122","μmol/L","Humid","20.096","deg","121599","µV","34.256","°C","1011.000","hPa","39.0","pmil","0","55.560","deg","20.000","°C","100.000","%a.s.","22.010","deg","20.000","°C","978.000","hPa","0.861","-0.02617","0.00035","0","0","13.56","Humid","62.83","1","54.00","229697.90","SABD0001000008","AAV1.0.0.11","2.1.0.443","PSt7-10","170929-005","6/6/2018 9:09:52 AM","1443-01","0","no battery","V"
"07/06/2018","12:49:42","10","default","196169367","O10","12.878","min","166.059","μmol/L","Humid","20.099","deg","121616","µV","34.259","°C","1011.000","hPa","39.0","pmil","0","55.560","deg","20.000","°C","100.000","%a.s.","22.010","deg","20.000","°C","978.000","hPa","0.861","-0.02617","0.00035","0","0","13.56","Humid","62.83","1","54.00","229702.41","SABD0001000008","AAV1.0.0.11","2.1.0.443","PSt7-10","170929-005","6/6/2018 9:09:52 AM","1443-01","0","no battery","V"
"07/06/2018","12:49:43","10","default","196169367","O10","12.895","min","166.002","μmol/L","Humid","20.095","deg","121616","µV","34.278","°C","1011.000","hPa","39.0","pmil","0","55.560","deg","20.000","°C","100.000","%a.s.","22.010","deg","20.000","°C","978.000","hPa","0.861","-0.02617","0.00035","0","0","13.56","Humid","62.83","1","54.00","229705.20","SABD0001000008","AAV1.0.0.11","2.1.0.443","PSt7-10","170929-005","6/6/2018 9:09:52 AM","1443-01","0","no battery","V"
"07/06/2018","12:49:44","10","default","196169367","O10","12.911","min","165.994","μmol/L","Humid","20.097","deg","121616","µV","34.275","°C","1011.000","hPa","39.0","pmil","0","55.560","deg","20.000","°C","100.000","%a.s.","22.010","deg","20.000","°C","978.000","hPa","0.861","-0.02617","0.00035","0","0","13.56","Humid","62.83","1","54.00","229700.07","SABD0001000008","AAV1.0.0.11","2.1.0.443","PSt7-10","170929-005","6/6/2018 9:09:52 AM","1443-01","0","no battery","V"
"07/06/2018","12:49:45","10","default","196169367","O10","12.928","min","166.061","μmol/L","Humid","20.095","deg","121622","µV","34.268","°C","1011.000","hPa","39.0","pmil","0","55.560","deg","20.000","°C","100.000","%a.s.","22.010","deg","20.000","°C","978.000","hPa","0.861","-0.02617","0.00035","0","0","13.56","Humid","62.83","1","54.00","229718.31","SABD0001000008","AAV1.0.0.11","2.1.0.443","PSt7-10","170929-005","6/6/2018 9:09:52 AM","1443-01","0","no battery","V"
"07/06/2018","12:49:46","10","default","196169367","O10","12.945","min","165.940","μmol/L","Humid","20.100","deg","121617","µV","34.276","°C","1011.000","hPa","39.0","pmil","0","55.560","deg","20.000","°C","100.000","%a.s.","22.010","deg","20.000","°C","978.000","hPa","0.861","-0.02617","0.00035","0","0","13.56","Humid","62.83","1","54.00","229703.90","SABD0001000008","AAV1.0.0.11","2.1.0.443","PSt7-10","170929-005","6/6/2018 9:09:52 AM","1443-01","0","no battery","V"
"07/06/2018","12:49:47","10","default","196169367","O10","12.961","min","166.102","μmol/L","Humid","20.097","deg","121612","µV","34.257","°C","1011.000","hPa","39.0","pmil","0","55.560","deg","20.000","°C","100.000","%a.s.","22.010","deg","20.000","°C","978.000","hPa","0.861","-0.02617","0.00035","0","0","13.56","Humid","62.83","1","54.00","229703.68","SABD0001000008","AAV1.0.0.11","2.1.0.443","PSt7-10","170929-005","6/6/2018 9:09:52 AM","1443-01","0","no battery","V"
"07/06/2018","12:49:48","10","default","196169367","O10","12.977","min","165.985","μmol/L","Humid","20.101","deg","121618","µV","34.266","°C","1011.000","hPa","39.0","pmil","0","55.560","deg","20.000","°C","100.000","%a.s.","22.010","deg","20.000","°C","978.000","hPa","0.861","-0.02617","0.00035","0","0","13.56","Humid","62.83","1","54.00","229703.40","SABD0001000008","AAV1.0.0.11","2.1.0.443","PSt7-10","170929-005","6/6/2018 9:09:52 AM","1443-01","0","no battery","V"
"07/06/2018","12:49:49","10","default","196169367","O10","12.994","min","166.028","μmol/L","Humid","20.098","deg","121618","µV","34.266","°C","1011.000","hPa","39.0","pmil","0","55.560","deg","20.000","°C","100.000","%a.s.","22.010","deg","20.000","°C","978.000","hPa","0.861","-0.02617","0.00035","0","0","13.56","Humid","62.83","1","54.00","229707.31","SABD0001000008","AAV1.0.0.11","2.1.0.443","PSt7-10","170929-005","6/6/2018 9:09:52 AM","1443-01","0","no battery","V"
"07/06/2018","12:49:50","10","default","196169367","O10","13.011","min","165.953","μmol/L","Humid","20.103","deg","121627","µV","34.266","°C","1011.000","hPa","39.0","pmil","0","55.560","deg","20.000","°C","100.000","%a.s.","22.010","deg","20.000","°C","978.000","hPa","0.861","-0.02617","0.00035","0","0","13.56","Humid","62.83","1","54.00","229703.87","SABD0001000008","AAV1.0.0.11","2.1.0.443","PSt7-10","170929-005","6/6/2018 9:09:52 AM","1443-01","0","no battery","V"
"07/06/2018","12:49:51","10","default","196169367","O10","13.028","min","166.059","μmol/L","Humid","20.100","deg","121638","µV","34.256","°C","1011.000","hPa","39.0","pmil","0","55.560","deg","20.000","°C","100.000","%a.s.","22.010","deg","20.000","°C","978.000","hPa","0.861","-0.02617","0.00035","0","0","13.56","Humid","62.83","1","54.00","229707.63","SABD0001000008","AAV1.0.0.11","2.1.0.443","PSt7-10","170929-005","6/6/2018 9:09:52 AM","1443-01","0","no battery","V"
"07/06/2018","12:49:52","10","default","196169367","O10","13.044","min","165.982","μmol/L","Humid","20.103","deg","121630","µV","34.261","°C","1011.000","hPa","39.0","pmil","0","55.560","deg","20.000","°C","100.000","%a.s.","22.010","deg","20.000","°C","978.000","hPa","0.861","-0.02617","0.00035","0","0","13.56","Humid","62.83","1","54.00","229704.12","SABD0001000008","AAV1.0.0.11","2.1.0.443","PSt7-10","170929-005","6/6/2018 9:09:52 AM","1443-01","0","no battery","V"
"07/06/2018","12:49:53","10","default","196169367","O10","13.061","min","165.947","μmol/L","Humid","20.098","deg","121636","µV","34.280","°C","1011.000","hPa","39.0","pmil","0","55.560","deg","20.000","°C","100.000","%a.s.","22.010","deg","20.000","°C","978.000","hPa","0.861","-0.02617","0.00035","0","0","13.56","Humid","62.83","1","54.00","229704.27","SABD0001000008","AAV1.0.0.11","2.1.0.443","PSt7-10","170929-005","6/6/2018 9:09:52 AM","1443-01","0","no battery","V"
"07/06/2018","12:49:54","10","default","196169367","O10","13.078","min","165.902","μmol/L","Humid","20.099","deg","121637","µV","34.285","°C","1011.000","hPa","39.0","pmil","0","55.560","deg","20.000","°C","100.000","%a.s.","22.010","deg","20.000","°C","978.000","hPa","0.861","-0.02617","0.00035","0","0","13.56","Humid","62.83","1","54.00","229717.74","SABD0001000008","AAV1.0.0.11","2.1.0.443","PSt7-10","170929-005","6/6/2018 9:09:52 AM","1443-01","0","no battery","V"
"07/06/2018","12:49:55","10","default","196169367","O10","13.094","min","165.927","μmol/L","Humid","20.100","deg","121638","µV","34.278","°C","1011.000","hPa","39.0","pmil","0","55.560","deg","20.000","°C","100.000","%a.s.","22.010","deg","20.000","°C","978.000","hPa","0.861","-0.02617","0.00035","0","0","13.56","Humid","62.83","1","54.00","229699.73","SABD0001000008","AAV1.0.0.11","2.1.0.443","PSt7-10","170929-005","6/6/2018 9:09:52 AM","1443-01","0","no battery","V"
"07/06/2018","12:49:56","10","default","196169367","O10","13.111","min","165.821","μmol/L","Humid","20.106","deg","121648","µV","34.281","°C","1011.000","hPa","39.0","pmil","0","55.560","deg","20.000","°C","100.000","%a.s.","22.010","deg","20.000","°C","978.000","hPa","0.861","-0.02617","0.00035","0","0","13.56","Humid","62.83","1","54.00","229700.62","SABD0001000008","AAV1.0.0.11","2.1.0.443","PSt7-10","170929-005","6/6/2018 9:09:52 AM","1443-01","0","no battery","V"
"07/06/2018","12:49:57","10","default","196169367","O10","13.128","min","165.825","μmol/L","Humid","20.106","deg","121646","µV","34.280","°C","1011.000","hPa","39.0","pmil","0","55.560","deg","20.000","°C","100.000","%a.s.","22.010","deg","20.000","°C","978.000","hPa","0.861","-0.02617","0.00035","0","0","13.56","Humid","62.83","1","54.00","229698.62","SABD0001000008","AAV1.0.0.11","2.1.0.443","PSt7-10","170929-005","6/6/2018 9:09:52 AM","1443-01","0","no battery","V"
"07/06/2018","12:49:58","10","default","196169367","O10","13.144","min","165.895","μmol/L","Humid","20.100","deg","121641","µV","34.284","°C","1011.000","hPa","39.0","pmil","0","55.560","deg","20.000","°C","100.000","%a.s.","22.010","deg","20.000","°C","978.000","hPa","0.861","-0.02617","0.00035","0","0","13.56","Humid","62.83","1","54.00","229701.58","SABD0001000008","AAV1.0.0.11","2.1.0.443","PSt7-10","170929-005","6/6/2018 9:09:52 AM","1443-01","0","no battery","V"
"07/06/2018","12:49:59","10","default","196169367","O10","13.161","min","165.870","μmol/L","Humid","20.102","deg","121653","µV","34.283","°C","1011.000","hPa","39.0","pmil","0","55.560","deg","20.000","°C","100.000","%a.s.","22.010","deg","20.000","°C","978.000","hPa","0.861","-0.02617","0.00035","0","0","13.56","Humid","62.83","1","54.00","229699.95","SABD0001000008","AAV1.0.0.11","2.1.0.443","PSt7-10","170929-005","6/6/2018 9:09:52 AM","1443-01","0","no battery","V"
"07/06/2018","12:50:00","10","default","196169367","O10","13.178","min","165.881","μmol/L","Humid","20.101","deg","121647","µV","34.283","°C","1011.000","hPa","39.0","pmil","0","55.560","deg","20.000","°C","100.000","%a.s.","22.010","deg","20.000","°C","978.000","hPa","0.861","-0.02617","0.00035","0","0","13.56","Humid","62.83","1","54.00","229699.30","SABD0001000008","AAV1.0.0.11","2.1.0.443","PSt7-10","170929-005","6/6/2018 9:09:52 AM","1443-01","0","no battery","V"
"07/06/2018","12:50:01","10","default","196169367","O10","13.194","min","165.896","μmol/L","Humid","20.104","deg","121646","µV","34.273","°C","1011.000","hPa","39.0","pmil","0","55.560","deg","20.000","°C","100.000","%a.s.","22.010","deg","20.000","°C","978.000","hPa","0.861","-0.02617","0.00035","0","0","13.56","Humid","62.83","1","54.00","229708.35","SABD0001000008","AAV1.0.0.11","2.1.0.443","PSt7-10","170929-005","6/6/2018 9:09:52 AM","1443-01","0","no battery","V"
"07/06/2018","12:50:02","10","default","196169367","O10","13.211","min","165.901","μmol/L","Humid","20.106","deg","121651","µV","34.267","°C","1011.000","hPa","39.0","pmil","0","55.560","deg","20.000","°C","100.000","%a.s.","22.010","deg","20.000","°C","978.000","hPa","0.861","-0.02617","0.00035","0","0","13.56","Humid","62.83","1","54.00","229694.96","SABD0001000008","AAV1.0.0.11","2.1.0.443","PSt7-10","170929-005","6/6/2018 9:09:52 AM","1443-01","0","no battery","V"
"07/06/2018","12:50:03","10","default","196169367","O10","13.227","min","165.855","μmol/L","Humid","20.102","deg","121663","µV","34.285","°C","1011.000","hPa","39.0","pmil","0","55.560","deg","20.000","°C","100.000","%a.s.","22.010","deg","20.000","°C","978.000","hPa","0.861","-0.02617","0.00035","0","0","13.56","Humid","62.83","1","54.00","229699.20","SABD0001000008","AAV1.0.0.11","2.1.0.443","PSt7-10","170929-005","6/6/2018 9:09:52 AM","1443-01","0","no battery","V"
"07/06/2018","12:50:04","10","default","196169367","O10","13.244","min","165.882","μmol/L","Humid","20.106","deg","121659","µV","34.271","°C","1011.000","hPa","39.0","pmil","0","55.560","deg","20.000","°C","100.000","%a.s.","22.010","deg","20.000","°C","978.000","hPa","0.861","-0.02617","0.00035","0","0","13.56","Humid","62.83","1","54.00","229700.05","SABD0001000008","AAV1.0.0.11","2.1.0.443","PSt7-10","170929-005","6/6/2018 9:09:52 AM","1443-01","0","no battery","V"
"07/06/2018","12:50:05","10","default","196169367","O10","13.261","min","165.815","μmol/L","Humid","20.105","deg","121657","µV","34.284","°C","1011.000","hPa","39.0","pmil","0","55.560","deg","20.000","°C","100.000","%a.s.","22.010","deg","20.000","°C","978.000","hPa","0.861","-0.02617","0.00035","0","0","13.56","Humid","62.83","1","54.00","229701.97","SABD0001000008","AAV1.0.0.11","2.1.0.443","PSt7-10","170929-005","6/6/2018 9:09:52 AM","1443-01","0","no battery","V"
"07/06/2018","12:50:06","10","default","196169367","O10","13.278","min","165.858","μmol/L","Humid","20.105","deg","121667","µV","34.277","°C","1011.000","hPa","39.0","pmil","0","55.560","deg","20.000","°C","100.000","%a.s.","22.010","deg","20.000","°C","978.000","hPa","0.861","-0.02617","0.00035","0","0","13.56","Humid","62.83","1","54.00","229697.31","SABD0001000008","AAV1.0.0.11","2.1.0.443","PSt7-10","170929-005","6/6/2018 9:09:52 AM","1443-01","0","no battery","V"
"07/06/2018","12:50:07","10","default","196169367","O10","13.294","min","165.870","μmol/L","Humid","20.106","deg","121663","µV","34.273","°C","1011.000","hPa","39.0","pmil","0","55.560","deg","20.000","°C","100.000","%a.s.","22.010","deg","20.000","°C","978.000","hPa","0.861","-0.02617","0.00035","0","0","13.56","Humid","62.83","1","54.00","229701.04","SABD0001000008","AAV1.0.0.11","2.1.0.443","PSt7-10","170929-005","6/6/2018 9:09:52 AM","1443-01","0","no battery","V"
"07/06/2018","12:50:08","10","default","196169367","O10","13.311","min","165.935","μmol/L","Humid","20.106","deg","121663","µV","34.262","°C","1011.000","hPa","39.0","pmil","0","55.560","deg","20.000","°C","100.000","%a.s.","22.010","deg","20.000","°C","978.000","hPa","0.861","-0.02617","0.00035","0","0","13.56","Humid","62.83","1","54.00","229701.38","SABD0001000008","AAV1.0.0.11","2.1.0.443","PSt7-10","170929-005","6/6/2018 9:09:52 AM","1443-01","0","no battery","V"
"07/06/2018","12:50:09","10","default","196169367","O10","13.328","min","165.808","μmol/L","Humid","20.107","deg","121662","µV","34.281","°C","1011.000","hPa","39.0","pmil","0","55.560","deg","20.000","°C","100.000","%a.s.","22.010","deg","20.000","°C","978.000","hPa","0.861","-0.02617","0.00035","0","0","13.56","Humid","62.83","1","54.00","229702.36","SABD0001000008","AAV1.0.0.11","2.1.0.443","PSt7-10","170929-005","6/6/2018 9:09:52 AM","1443-01","0","no battery","V"
"07/06/2018","12:50:10","10","default","196169367","O10","13.345","min","165.863","μmol/L","Humid","20.107","deg","121673","µV","34.271","°C","1011.000","hPa","39.0","pmil","0","55.560","deg","20.000","°C","100.000","%a.s.","22.010","deg","20.000","°C","978.000","hPa","0.861","-0.02617","0.00035","0","0","13.56","Humid","62.83","1","54.00","229707.61","SABD0001000008","AAV1.0.0.11","2.1.0.443","PSt7-10","170929-005","6/6/2018 9:09:52 AM","1443-01","0","no battery","V"
"07/06/2018","12:50:11","10","default","196169367","O10","13.361","min","165.905","μmol/L","Humid","20.106","deg","121667","µV","34.267","°C","1011.000","hPa","39.0","pmil","0","55.560","deg","20.000","°C","100.000","%a.s.","22.010","deg","20.000","°C","978.000","hPa","0.861","-0.02617","0.00035","0","0","13.56","Humid","62.83","1","54.00","229708.71","SABD0001000008","AAV1.0.0.11","2.1.0.443","PSt7-10","170929-005","6/6/2018 9:09:52 AM","1443-01","0","no battery","V"
"07/06/2018","12:50:12","10","default","196169367","O10","13.378","min","165.726","μmol/L","Humid","20.109","deg","121657","µV","34.289","°C","1011.000","hPa","39.0","pmil","0","55.560","deg","20.000","°C","100.000","%a.s.","22.010","deg","20.000","°C","978.000","hPa","0.861","-0.02617","0.00035","0","0","13.56","Humid","62.83","1","54.00","229706.67","SABD0001000008","AAV1.0.0.11","2.1.0.443","PSt7-10","170929-005","6/6/2018 9:09:52 AM","1443-01","0","no battery","V"
"07/06/2018","12:50:13","10","default","196169367","O10","13.395","min","165.796","μmol/L","Humid","20.104","deg","121677","µV","34.290","°C","1011.000","hPa","39.0","pmil","0","55.560","deg","20.000","°C","100.000","%a.s.","22.010","deg","20.000","°C","978.000","hPa","0.861","-0.02617","0.00035","0","0","13.56","Humid","62.83","1","54.00","229699.33","SABD0001000008","AAV1.0.0.11","2.1.0.443","PSt7-10","170929-005","6/6/2018 9:09:52 AM","1443-01","0","no battery","V"
"07/06/2018","12:50:14","10","default","196169367","O10","13.411","min","165.727","μmol/L","Humid","20.112","deg","121675","µV","34.281","°C","1011.000","hPa","39.0","pmil","0","55.560","deg","20.000","°C","100.000","%a.s.","22.010","deg","20.000","°C","978.000","hPa","0.861","-0.02617","0.00035","0","0","13.56","Humid","62.83","1","54.00","229702.64","SABD0001000008","AAV1.0.0.11","2.1.0.443","PSt7-10","170929-005","6/6/2018 9:09:52 AM","1443-01","0","no battery","V"
"07/06/2018","12:50:15","10","default","196169367","O10","13.427","min","165.798","μmol/L","Humid","20.109","deg","121688","µV","34.277","°C","1011.000","hPa","39.0","pmil","0","55.560","deg","20.000","°C","100.000","%a.s.","22.010","deg","20.000","°C","978.000","hPa","0.861","-0.02617","0.00035","0","0","13.56","Humid","62.83","1","54.00","229703.08","SABD0001000008","AAV1.0.0.11","2.1.0.443","PSt7-10","170929-005","6/6/2018 9:09:52 AM","1443-01","0","no battery","V"
"07/06/2018","12:50:16","10","default","196169367","O10","13.445","min","165.753","μmol/L","Humid","20.111","deg","121691","µV","34.279","°C","1011.000","hPa","39.0","pmil","0","55.560","deg","20.000","°C","100.000","%a.s.","22.010","deg","20.000","°C","978.000","hPa","0.861","-0.02617","0.00035","0","0","13.56","Humid","62.83","1","54.00","229698.94","SABD0001000008","AAV1.0.0.11","2.1.0.443","PSt7-10","170929-005","6/6/2018 9:09:52 AM","1443-01","0","no battery","V"
"07/06/2018","12:50:17","10","default","196169367","O10","13.461","min","165.840","μmol/L","Humid","20.110","deg","121682","µV","34.267","°C","1011.000","hPa","39.0","pmil","0","55.560","deg","20.000","°C","100.000","%a.s.","22.010","deg","20.000","°C","978.000","hPa","0.861","-0.02617","0.00035","0","0","13.56","Humid","62.83","1","54.00","229699.52","SABD0001000008","AAV1.0.0.11","2.1.0.443","PSt7-10","170929-005","6/6/2018 9:09:52 AM","1443-01","0","no battery","V"
"07/06/2018","12:50:18","10","default","196169367","O10","13.478","min","165.817","μmol/L","Humid","20.109","deg","121689","µV","34.274","°C","1011.000","hPa","39.0","pmil","0","55.560","deg","20.000","°C","100.000","%a.s.","22.010","deg","20.000","°C","978.000","hPa","0.861","-0.02617","0.00035","0","0","13.56","Humid","62.83","1","54.00","229709.42","SABD0001000008","AAV1.0.0.11","2.1.0.443","PSt7-10","170929-005","6/6/2018 9:09:52 AM","1443-01","0","no battery","V"
"07/06/2018","12:50:19","10","default","196169367","O10","13.494","min","165.844","μmol/L","Humid","20.107","deg","121692","µV","34.274","°C","1011.000","hPa","39.0","pmil","0","55.560","deg","20.000","°C","100.000","%a.s.","22.010","deg","20.000","°C","978.000","hPa","0.861","-0.02617","0.00035","0","0","13.56","Humid","62.83","1","54.00","229705.72","SABD0001000008","AAV1.0.0.11","2.1.0.443","PSt7-10","170929-005","6/6/2018 9:09:52 AM","1443-01","0","no battery","V"
"07/06/2018","12:50:20","10","default","196169367","O10","13.511","min","165.715","μmol/L","Humid","20.115","deg","121700","µV","34.276","°C","1011.000","hPa","39.0","pmil","0","55.560","deg","20.000","°C","100.000","%a.s.","22.010","deg","20.000","°C","978.000","hPa","0.861","-0.02617","0.00035","0","0","13.56","Humid","62.83","1","54.00","229680.89","SABD0001000008","AAV1.0.0.11","2.1.0.443","PSt7-10","170929-005","6/6/2018 9:09:52 AM","1443-01","0","no battery","V"
"07/06/2018","12:50:21","10","default","196169367","O10","13.528","min","165.800","μmol/L","Humid","20.107","deg","121685","µV","34.282","°C","1011.000","hPa","39.0","pmil","0","55.560","deg","20.000","°C","100.000","%a.s.","22.010","deg","20.000","°C","978.000","hPa","0.861","-0.02617","0.00035","0","0","13.56","Humid","62.83","1","54.00","229685.74","SABD0001000008","AAV1.0.0.11","2.1.0.443","PSt7-10","170929-005","6/6/2018 9:09:52 AM","1443-01","0","no battery","V"
"07/06/2018","12:50:22","10","default","196169367","O10","13.544","min","165.748","μmol/L","Humid","20.111","deg","121687","µV","34.280","°C","1011.000","hPa","39.0","pmil","0","55.560","deg","20.000","°C","100.000","%a.s.","22.010","deg","20.000","°C","978.000","hPa","0.861","-0.02617","0.00035","0","0","13.56","Humid","62.83","1","54.00","229696.33","SABD0001000008","AAV1.0.0.11","2.1.0.443","PSt7-10","170929-005","6/6/2018 9:09:52 AM","1443-01","0","no battery","V"
"07/06/2018","12:50:23","10","default","196169367","O10","13.561","min","165.681","μmol/L","Humid","20.113","deg","121696","µV","34.287","°C","1011.000","hPa","39.0","pmil","0","55.560","deg","20.000","°C","100.000","%a.s.","22.010","deg","20.000","°C","978.000","hPa","0.861","-0.02617","0.00035","0","0","13.56","Humid","62.83","1","54.00","229706.86","SABD0001000008","AAV1.0.0.11","2.1.0.443","PSt7-10","170929-005","6/6/2018 9:09:52 AM","1443-01","0","no battery","V"
"07/06/2018","12:50:24","10","default","196169367","O10","13.578","min","165.707","μmol/L","Humid","20.112","deg","121702","µV","34.285","°C","1011.000","hPa","39.0","pmil","0","55.560","deg","20.000","°C","100.000","%a.s.","22.010","deg","20.000","°C","978.000","hPa","0.861","-0.02617","0.00035","0","0","13.56","Humid","62.83","1","54.00","229691.96","SABD0001000008","AAV1.0.0.11","2.1.0.443","PSt7-10","170929-005","6/6/2018 9:09:52 AM","1443-01","0","no battery","V"
"07/06/2018","12:50:25","10","default","196169367","O10","13.594","min","165.658","μmol/L","Humid","20.118","deg","121710","µV","34.278","°C","1011.000","hPa","39.0","pmil","0","55.560","deg","20.000","°C","100.000","%a.s.","22.010","deg","20.000","°C","978.000","hPa","0.861","-0.02617","0.00035","0","0","13.56","Humid","62.83","1","54.00","229704.07","SABD0001000008","AAV1.0.0.11","2.1.0.443","PSt7-10","170929-005","6/6/2018 9:09:52 AM","1443-01","0","no battery","V"
"07/06/2018","12:50:26","10","default","196169367","O10","13.611","min","165.746","μmol/L","Humid","20.115","deg","121712","µV","34.271","°C","1011.000","hPa","39.0","pmil","0","55.560","deg","20.000","°C","100.000","%a.s.","22.010","deg","20.000","°C","978.000","hPa","0.861","-0.02617","0.00035","0","0","13.56","Humid","62.83","1","54.00","229701.34","SABD0001000008","AAV1.0.0.11","2.1.0.443","PSt7-10","170929-005","6/6/2018 9:09:52 AM","1443-01","0","no battery","V"
"07/06/2018","12:50:27","10","default","196169367","O10","13.627","min","165.756","μmol/L","Humid","20.113","deg","121714","µV","34.274","°C","1011.000","hPa","39.0","pmil","0","55.560","deg","20.000","°C","100.000","%a.s.","22.010","deg","20.000","°C","978.000","hPa","0.861","-0.02617","0.00035","0","0","13.56","Humid","62.83","1","54.00","229701.74","SABD0001000008","AAV1.0.0.11","2.1.0.443","PSt7-10","170929-005","6/6/2018 9:09:52 AM","1443-01","0","no battery","V"
"07/06/2018","12:50:28","10","default","196169367","O10","13.644","min","165.755","μmol/L","Humid","20.114","deg","121716","µV","34.272","°C","1011.000","hPa","39.0","pmil","0","55.560","deg","20.000","°C","100.000","%a.s.","22.010","deg","20.000","°C","978.000","hPa","0.861","-0.02617","0.00035","0","0","13.56","Humid","62.83","1","54.00","229692.91","SABD0001000008","AAV1.0.0.11","2.1.0.443","PSt7-10","170929-005","6/6/2018 9:09:52 AM","1443-01","0","no battery","V"
"07/06/2018","12:50:29","10","default","196169367","O10","13.661","min","165.711","μmol/L","Humid","20.116","deg","121727","µV","34.274","°C","1011.000","hPa","39.0","pmil","0","55.560","deg","20.000","°C","100.000","%a.s.","22.010","deg","20.000","°C","978.000","hPa","0.861","-0.02617","0.00035","0","0","13.56","Humid","62.83","1","54.00","229695.74","SABD0001000008","AAV1.0.0.11","2.1.0.443","PSt7-10","170929-005","6/6/2018 9:09:52 AM","1443-01","0","no battery","V"
"07/06/2018","12:50:30","10","default","196169367","O10","13.677","min","165.749","μmol/L","Humid","20.116","deg","121720","µV","34.268","°C","1011.000","hPa","39.0","pmil","0","55.560","deg","20.000","°C","100.000","%a.s.","22.010","deg","20.000","°C","978.000","hPa","0.861","-0.02617","0.00035","0","0","13.56","Humid","62.83","1","54.00","229698.93","SABD0001000008","AAV1.0.0.11","2.1.0.443","PSt7-10","170929-005","6/6/2018 9:09:52 AM","1443-01","0","no battery","V"
"07/06/2018","12:50:31","10","default","196169367","O10","13.694","min","165.534","μmol/L","Humid","20.119","deg","121725","µV","34.296","°C","1011.000","hPa","39.0","pmil","0","55.560","deg","20.000","°C","100.000","%a.s.","22.010","deg","20.000","°C","978.000","hPa","0.861","-0.02617","0.00035","0","0","13.56","Humid","62.83","1","54.00","229695.93","SABD0001000008","AAV1.0.0.11","2.1.0.443","PSt7-10","170929-005","6/6/2018 9:09:52 AM","1443-01","0","no battery","V"
"07/06/2018","12:50:32","10","default","196169367","O10","13.711","min","165.555","μmol/L","Humid","20.118","deg","121717","µV","34.295","°C","1011.000","hPa","39.0","pmil","0","55.560","deg","20.000","°C","100.000","%a.s.","22.010","deg","20.000","°C","978.000","hPa","0.861","-0.02617","0.00035","0","0","13.56","Humid","62.83","1","54.00","229693.17","SABD0001000008","AAV1.0.0.11","2.1.0.443","PSt7-10","170929-005","6/6/2018 9:09:52 AM","1443-01","0","no battery","V"
"07/06/2018","12:50:33","10","default","196169367","O10","13.728","min","165.608","μmol/L","Humid","20.116","deg","121725","µV","34.291","°C","1011.000","hPa","39.0","pmil","0","55.560","deg","20.000","°C","100.000","%a.s.","22.010","deg","20.000","°C","978.000","hPa","0.861","-0.02617","0.00035","0","0","13.56","Humid","62.83","1","54.00","229695.39","SABD0001000008","AAV1.0.0.11","2.1.0.443","PSt7-10","170929-005","6/6/2018 9:09:52 AM","1443-01","0","no battery","V"
"07/06/2018","12:50:34","10","default","196169367","O10","13.745","min","165.621","μmol/L","Humid","20.115","deg","121729","µV","34.292","°C","1011.000","hPa","39.0","pmil","0","55.560","deg","20.000","°C","100.000","%a.s.","22.010","deg","20.000","°C","978.000","hPa","0.861","-0.02617","0.00035","0","0","13.56","Humid","62.83","1","54.00","229707.95","SABD0001000008","AAV1.0.0.11","2.1.0.443","PSt7-10","170929-005","6/6/2018 9:09:52 AM","1443-01","0","no battery","V"
"07/06/2018","12:50:35","10","default","196169367","O10","13.761","min","165.629","μmol/L","Humid","20.118","deg","121726","µV","34.283","°C","1011.000","hPa","39.0","pmil","0","55.560","deg","20.000","°C","100.000","%a.s.","22.010","deg","20.000","°C","978.000","hPa","0.861","-0.02617","0.00035","0","0","13.56","Humid","62.83","1","54.00","229705.50","SABD0001000008","AAV1.0.0.11","2.1.0.443","PSt7-10","170929-005","6/6/2018 9:09:52 AM","1443-01","0","no battery","V"
"07/06/2018","12:50:36","10","default","196169367","O10","13.777","min","165.604","μmol/L","Humid","20.120","deg","121736","µV","34.282","°C","1011.000","hPa","39.0","pmil","0","55.560","deg","20.000","°C","100.000","%a.s.","22.010","deg","20.000","°C","978.000","hPa","0.861","-0.02617","0.00035","0","0","13.56","Humid","62.83","1","54.00","229695.22","SABD0001000008","AAV1.0.0.11","2.1.0.443","PSt7-10","170929-005","6/6/2018 9:09:52 AM","1443-01","0","no battery","V"
"07/06/2018","12:50:37","10","default","196169367","O10","13.794","min","165.653","μmol/L","Humid","20.116","deg","121732","µV","34.284","°C","1011.000","hPa","39.0","pmil","0","55.560","deg","20.000","°C","100.000","%a.s.","22.010","deg","20.000","°C","978.000","hPa","0.861","-0.02617","0.00035","0","0","13.56","Humid","62.83","1","54.00","229701.70","SABD0001000008","AAV1.0.0.11","2.1.0.443","PSt7-10","170929-005","6/6/2018 9:09:52 AM","1443-01","0","no battery","V"
"07/06/2018","12:50:38","10","default","196169367","O10","13.811","min","165.605","μmol/L","Humid","20.118","deg","121735","µV","34.287","°C","1011.000","hPa","39.0","pmil","0","55.560","deg","20.000","°C","100.000","%a.s.","22.010","deg","20.000","°C","978.000","hPa","0.861","-0.02617","0.00035","0","0","13.56","Humid","62.83","1","54.00","229690.68","SABD0001000008","AAV1.0.0.11","2.1.0.443","PSt7-10","170929-005","6/6/2018 9:09:52 AM","1443-01","0","no battery","V"
"07/06/2018","12:50:39","10","default","196169367","O10","13.828","min","165.652","μmol/L","Humid","20.121","deg","121743","µV","34.271","°C","1011.000","hPa","39.0","pmil","0","55.560","deg","20.000","°C","100.000","%a.s.","22.010","deg","20.000","°C","978.000","hPa","0.861","-0.02617","0.00035","0","0","13.56","Humid","62.83","1","54.00","229696.00","SABD0001000008","AAV1.0.0.11","2.1.0.443","PSt7-10","170929-005","6/6/2018 9:09:52 AM","1443-01","0","no battery","V"
"07/06/2018","12:50:40","10","default","196169367","O10","13.844","min","165.603","μmol/L","Humid","20.119","deg","121739","µV","34.285","°C","1011.000","hPa","39.0","pmil","0","55.560","deg","20.000","°C","100.000","%a.s.","22.010","deg","20.000","°C","978.000","hPa","0.861","-0.02617","0.00035","0","0","13.56","Humid","62.83","1","54.00","229694.82","SABD0001000008","AAV1.0.0.11","2.1.0.443","PSt7-10","170929-005","6/6/2018 9:09:52 AM","1443-01","0","no battery","V"
"07/06/2018","12:50:41","10","default","196169367","O10","13.861","min","165.610","μmol/L","Humid","20.120","deg","121739","µV","34.281","°C","1011.000","hPa","39.0","pmil","0","55.560","deg","20.000","°C","100.000","%a.s.","22.010","deg","20.000","°C","978.000","hPa","0.861","-0.02617","0.00035","0","0","13.56","Humid","62.83","1","54.00","229701.69","SABD0001000008","AAV1.0.0.11","2.1.0.443","PSt7-10","170929-005","6/6/2018 9:09:52 AM","1443-01","0","no battery","V"
"07/06/2018","12:50:42","10","default","196169367","O10","13.878","min","165.572","μmol/L","Humid","20.120","deg","121739","µV","34.287","°C","1011.000","hPa","39.0","pmil","0","55.560","deg","20.000","°C","100.000","%a.s.","22.010","deg","20.000","°C","978.000","hPa","0.861","-0.02617","0.00035","0","0","13.56","Humid","62.83","1","54.00","229701.47","SABD0001000008","AAV1.0.0.11","2.1.0.443","PSt7-10","170929-005","6/6/2018 9:09:52 AM","1443-01","0","no battery","V"
"07/06/2018","12:50:43","10","default","196169367","O10","13.894","min","165.511","μmol/L","Humid","20.123","deg","121753","µV","34.290","°C","1011.000","hPa","39.0","pmil","0","55.560","deg","20.000","°C","100.000","%a.s.","22.010","deg","20.000","°C","978.000","hPa","0.861","-0.02617","0.00035","0","0","13.56","Humid","62.83","1","54.00","229705.16","SABD0001000008","AAV1.0.0.11","2.1.0.443","PSt7-10","170929-005","6/6/2018 9:09:52 AM","1443-01","0","no battery","V"
"07/06/2018","12:50:44","10","default","196169367","O10","13.911","min","165.572","μmol/L","Humid","20.121","deg","121758","µV","34.285","°C","1011.000","hPa","39.0","pmil","0","55.560","deg","20.000","°C","100.000","%a.s.","22.010","deg","20.000","°C","978.000","hPa","0.861","-0.02617","0.00035","0","0","13.56","Humid","62.83","1","54.00","229702.36","SABD0001000008","AAV1.0.0.11","2.1.0.443","PSt7-10","170929-005","6/6/2018 9:09:52 AM","1443-01","0","no battery","V"
"07/06/2018","12:50:45","10","default","196169367","O10","13.928","min","165.505","μmol/L","Humid","20.121","deg","121768","µV","34.296","°C","1011.000","hPa","39.0","pmil","0","55.560","deg","20.000","°C","100.000","%a.s.","22.010","deg","20.000","°C","978.000","hPa","0.861","-0.02617","0.00035","0","0","13.56","Humid","62.83","1","54.00","229716.87","SABD0001000008","AAV1.0.0.11","2.1.0.443","PSt7-10","170929-005","6/6/2018 9:09:52 AM","1443-01","0","no battery","V"
"07/06/2018","12:50:46","10","default","196169367","O10","13.944","min","165.500","μmol/L","Humid","20.122","deg","121758","µV","34.294","°C","1011.000","hPa","39.0","pmil","0","55.560","deg","20.000","°C","100.000","%a.s.","22.010","deg","20.000","°C","978.000","hPa","0.861","-0.02617","0.00035","0","0","13.56","Humid","62.83","1","54.00","229699.31","SABD0001000008","AAV1.0.0.11","2.1.0.443","PSt7-10","170929-005","6/6/2018 9:09:52 AM","1443-01","0","no battery","V"
"07/06/2018","12:50:47","10","default","196169367","O10","13.961","min","165.557","μmol/L","Humid","20.124","deg","121752","µV","34.280","°C","1011.000","hPa","39.0","pmil","0","55.560","deg","20.000","°C","100.000","%a.s.","22.010","deg","20.000","°C","978.000","hPa","0.861","-0.02617","0.00035","0","0","13.56","Humid","62.83","1","54.00","229696.08","SABD0001000008","AAV1.0.0.11","2.1.0.443","PSt7-10","170929-005","6/6/2018 9:09:52 AM","1443-01","0","no battery","V"
"07/06/2018","12:50:48","10","default","196169367","O10","13.978","min","165.629","μmol/L","Humid","20.122","deg","121760","µV","34.272","°C","1011.000","hPa","39.0","pmil","0","55.560","deg","20.000","°C","100.000","%a.s.","22.010","deg","20.000","°C","978.000","hPa","0.861","-0.02617","0.00035","0","0","13.56","Humid","62.83","1","54.00","229696.00","SABD0001000008","AAV1.0.0.11","2.1.0.443","PSt7-10","170929-005","6/6/2018 9:09:52 AM","1443-01","0","no battery","V"
"07/06/2018","12:50:49","10","default","196169367","O10","13.995","min","165.610","μmol/L","Humid","20.122","deg","121767","µV","34.276","°C","1011.000","hPa","39.0","pmil","0","55.560","deg","20.000","°C","100.000","%a.s.","22.010","deg","20.000","°C","978.000","hPa","0.861","-0.02617","0.00035","0","0","13.56","Humid","62.83","1","54.00","229701.35","SABD0001000008","AAV1.0.0.11","2.1.0.443","PSt7-10","170929-005","6/6/2018 9:09:52 AM","1443-01","0","no battery","V"
"07/06/2018","12:50:50","10","default","196169367","O10","14.011","min","165.455","μmol/L","Humid","20.123","deg","121763","µV","34.299","°C","1011.000","hPa","39.0","pmil","0","55.560","deg","20.000","°C","100.000","%a.s.","22.010","deg","20.000","°C","978.000","hPa","0.861","-0.02617","0.00035","0","0","13.56","Humid","62.83","1","54.00","229696.18","SABD0001000008","AAV1.0.0.11","2.1.0.443","PSt7-10","170929-005","6/6/2018 9:09:52 AM","1443-01","0","no battery","V"
"07/06/2018","12:50:51","10","default","196169367","O10","14.027","min","165.410","μmol/L","Humid","20.125","deg","121768","µV","34.302","°C","1011.000","hPa","39.0","pmil","0","55.560","deg","20.000","°C","100.000","%a.s.","22.010","deg","20.000","°C","978.000","hPa","0.861","-0.02617","0.00035","0","0","13.56","Humid","62.83","1","54.00","229693.94","SABD0001000008","AAV1.0.0.11","2.1.0.443","PSt7-10","170929-005","6/6/2018 9:09:52 AM","1443-01","0","no battery","V"
"07/06/2018","12:50:52","10","default","196169367","O10","14.045","min","165.469","μmol/L","Humid","20.124","deg","121776","µV","34.294","°C","1011.000","hPa","39.0","pmil","0","55.560","deg","20.000","°C","100.000","%a.s.","22.010","deg","20.000","°C","978.000","hPa","0.861","-0.02617","0.00035","0","0","13.56","Humid","62.83","1","54.00","229693.49","SABD0001000008","AAV1.0.0.11","2.1.0.443","PSt7-10","170929-005","6/6/2018 9:09:52 AM","1443-01","0","no battery","V"
"07/06/2018","12:50:53","10","default","196169367","O10","14.061","min","165.494","μmol/L","Humid","20.126","deg","121781","µV","34.285","°C","1011.000","hPa","39.0","pmil","0","55.560","deg","20.000","°C","100.000","%a.s.","22.010","deg","20.000","°C","978.000","hPa","0.861","-0.02617","0.00035","0","0","13.56","Humid","62.83","1","54.00","229696.74","SABD0001000008","AAV1.0.0.11","2.1.0.443","PSt7-10","170929-005","6/6/2018 9:09:52 AM","1443-01","0","no battery","V"
"07/06/2018","12:50:54","10","default","196169367","O10","14.078","min","165.414","μmol/L","Humid","20.127","deg","121773","µV","34.296","°C","1011.000","hPa","39.0","pmil","0","55.560","deg","20.000","°C","100.000","%a.s.","22.010","deg","20.000","°C","978.000","hPa","0.861","-0.02617","0.00035","0","0","13.56","Humid","62.83","1","54.00","229688.83","SABD0001000008","AAV1.0.0.11","2.1.0.443","PSt7-10","170929-005","6/6/2018 9:09:52 AM","1443-01","0","no battery","V"
"07/06/2018","12:50:55","10","default","196169367","O10","14.094","min","165.393","μmol/L","Humid","20.126","deg","121778","µV","34.302","°C","1011.000","hPa","39.0","pmil","0","55.560","deg","20.000","°C","100.000","%a.s.","22.010","deg","20.000","°C","978.000","hPa","0.861","-0.02617","0.00035","0","0","13.56","Humid","62.83","1","54.00","229684.22","SABD0001000008","AAV1.0.0.11","2.1.0.443","PSt7-10","170929-005","6/6/2018 9:09:52 AM","1443-01","0","no battery","V"
"07/06/2018","12:50:56","10","default","196169367","O10","14.111","min","165.418","μmol/L","Humid","20.128","deg","121786","µV","34.293","°C","1011.000","hPa","39.0","pmil","0","55.560","deg","20.000","°C","100.000","%a.s.","22.010","deg","20.000","°C","978.000","hPa","0.861","-0.02617","0.00035","0","0","13.56","Humid","62.83","1","54.00","229690.41","SABD0001000008","AAV1.0.0.11","2.1.0.443","PSt7-10","170929-005","6/6/2018 9:09:52 AM","1443-01","0","no battery","V"
"07/06/2018","12:50:57","10","default","196169367","O10","14.128","min","165.430","μmol/L","Humid","20.126","deg","121795","µV","34.296","°C","1011.000","hPa","39.0","pmil","0","55.560","deg","20.000","°C","100.000","%a.s.","22.010","deg","20.000","°C","978.000","hPa","0.861","-0.02617","0.00035","0","0","13.56","Humid","62.83","1","54.00","229695.33","SABD0001000008","AAV1.0.0.11","2.1.0.443","PSt7-10","170929-005","6/6/2018 9:09:52 AM","1443-01","0","no battery","V"
"07/06/2018","12:50:58","10","default","196169367","O10","14.144","min","165.398","μmol/L","Humid","20.126","deg","121786","µV","34.301","°C","1011.000","hPa","39.0","pmil","0","55.560","deg","20.000","°C","100.000","%a.s.","22.010","deg","20.000","°C","978.000","hPa","0.861","-0.02617","0.00035","0","0","13.56","Humid","62.83","1","54.00","229701.34","SABD0001000008","AAV1.0.0.11","2.1.0.443","PSt7-10","170929-005","6/6/2018 9:09:52 AM","1443-01","0","no battery","V"
"07/06/2018","12:50:59","10","default","196169367","O10","14.161","min","165.435","μmol/L","Humid","20.129","deg","121789","µV","34.287","°C","1011.000","hPa","39.0","pmil","0","55.560","deg","20.000","°C","100.000","%a.s.","22.010","deg","20.000","°C","978.000","hPa","0.861","-0.02617","0.00035","0","0","13.56","Humid","62.83","1","54.00","229692.60","SABD0001000008","AAV1.0.0.11","2.1.0.443","PSt7-10","170929-005","6/6/2018 9:09:52 AM","1443-01","0","no battery","V"
"07/06/2018","12:51:00","10","default","196169367","O10","14.177","min","165.326","μmol/L","Humid","20.128","deg","121791","µV","34.308","°C","1011.000","hPa","39.0","pmil","0","55.560","deg","20.000","°C","100.000","%a.s.","22.010","deg","20.000","°C","978.000","hPa","0.861","-0.02617","0.00035","0","0","13.56","Humid","62.83","1","54.00","229682.99","SABD0001000008","AAV1.0.0.11","2.1.0.443","PSt7-10","170929-005","6/6/2018 9:09:52 AM","1443-01","0","no battery","V"
"07/06/2018","12:51:01","10","default","196169367","O10","14.195","min","165.368","μmol/L","Humid","20.129","deg","121798","µV","34.299","°C","1011.000","hPa","39.0","pmil","0","55.560","deg","20.000","°C","100.000","%a.s.","22.010","deg","20.000","°C","978.000","hPa","0.861","-0.02617","0.00035","0","0","13.56","Humid","62.83","1","54.00","229688.39","SABD0001000008","AAV1.0.0.11","2.1.0.443","PSt7-10","170929-005","6/6/2018 9:09:52 AM","1443-01","0","no battery","V"
"07/06/2018","12:51:02","10","default","196169367","O10","14.211","min","165.476","μmol/L","Humid","20.129","deg","121804","µV","34.281","°C","1011.000","hPa","39.0","pmil","0","55.560","deg","20.000","°C","100.000","%a.s.","22.010","deg","20.000","°C","978.000","hPa","0.861","-0.02617","0.00035","0","0","13.56","Humid","62.83","1","54.00","229689.57","SABD0001000008","AAV1.0.0.11","2.1.0.443","PSt7-10","170929-005","6/6/2018 9:09:52 AM","1443-01","0","no battery","V"
"07/06/2018","12:51:03","10","default","196169367","O10","14.227","min","165.507","μmol/L","Humid","20.129","deg","121807","µV","34.275","°C","1011.000","hPa","39.0","pmil","0","55.560","deg","20.000","°C","100.000","%a.s.","22.010","deg","20.000","°C","978.000","hPa","0.861","-0.02617","0.00035","0","0","13.56","Humid","62.83","1","54.00","229691.97","SABD0001000008","AAV1.0.0.11","2.1.0.443","PSt7-10","170929-005","6/6/2018 9:09:52 AM","1443-01","0","no battery","V"
"07/06/2018","12:51:04","10","default","196169367","O10","14.244","min","165.407","μmol/L","Humid","20.129","deg","121801","µV","34.292","°C","1011.000","hPa","39.0","pmil","0","55.560","deg","20.000","°C","100.000","%a.s.","22.010","deg","20.000","°C","978.000","hPa","0.861","-0.02617","0.00035","0","0","13.56","Humid","62.83","1","54.00","229691.70","SABD0001000008","AAV1.0.0.11","2.1.0.443","PSt7-10","170929-005","6/6/2018 9:09:52 AM","1443-01","0","no battery","V"
"07/06/2018","12:51:05","10","default","196169367","O10","14.261","min","165.439","μmol/L","Humid","20.128","deg","121800","µV","34.289","°C","1011.000","hPa","39.0","pmil","0","55.560","deg","20.000","°C","100.000","%a.s.","22.010","deg","20.000","°C","978.000","hPa","0.861","-0.02617","0.00035","0","0","13.56","Humid","62.83","1","54.00","229690.60","SABD0001000008","AAV1.0.0.11","2.1.0.443","PSt7-10","170929-005","6/6/2018 9:09:52 AM","1443-01","0","no battery","V"
"07/06/2018","12:51:06","10","default","196169367","O10","14.278","min","165.470","μmol/L","Humid","20.132","deg","121803","µV","34.274","°C","1011.000","hPa","39.0","pmil","0","55.560","deg","20.000","°C","100.000","%a.s.","22.010","deg","20.000","°C","978.000","hPa","0.861","-0.02617","0.00035","0","0","13.56","Humid","62.83","1","54.00","229697.05","SABD0001000008","AAV1.0.0.11","2.1.0.443","PSt7-10","170929-005","6/6/2018 9:09:52 AM","1443-01","0","no battery","V"
"07/06/2018","12:51:07","10","default","196169367","O10","14.295","min","165.316","μmol/L","Humid","20.135","deg","121809","µV","34.292","°C","1011.000","hPa","39.0","pmil","0","55.560","deg","20.000","°C","100.000","%a.s.","22.010","deg","20.000","°C","978.000","hPa","0.861","-0.02617","0.00035","0","0","13.56","Humid","62.83","1","54.00","229691.38","SABD0001000008","AAV1.0.0.11","2.1.0.443","PSt7-10","170929-005","6/6/2018 9:09:52 AM","1443-01","0","no battery","V"
"07/06/2018","12:51:08","10","default","196169367","O10","14.311","min","165.392","μmol/L","Humid","20.130","deg","121813","µV","34.292","°C","1011.000","hPa","39.0","pmil","0","55.560","deg","20.000","°C","100.000","%a.s.","22.010","deg","20.000","°C","978.000","hPa","0.861","-0.02617","0.00035","0","0","13.56","Humid","62.83","1","54.00","229702.96","SABD0001000008","AAV1.0.0.11","2.1.0.443","PSt7-10","170929-005","6/6/2018 9:09:52 AM","1443-01","0","no battery","V"
"07/06/2018","12:51:09","10","default","196169367","O10","14.328","min","165.390","μmol/L","Humid","20.130","deg","121814","µV","34.292","°C","1011.000","hPa","39.0","pmil","0","55.560","deg","20.000","°C","100.000","%a.s.","22.010","deg","20.000","°C","978.000","hPa","0.861","-0.02617","0.00035","0","0","13.56","Humid","62.83","1","54.00","229690.21","SABD0001000008","AAV1.0.0.11","2.1.0.443","PSt7-10","170929-005","6/6/2018 9:09:52 AM","1443-01","0","no battery","V"
"07/06/2018","12:51:10","10","default","196169367","O10","14.344","min","165.319","μmol/L","Humid","20.131","deg","121820","µV","34.302","°C","1011.000","hPa","39.0","pmil","0","55.560","deg","20.000","°C","100.000","%a.s.","22.010","deg","20.000","°C","978.000","hPa","0.861","-0.02617","0.00035","0","0","13.56","Humid","62.83","1","54.00","229698.11","SABD0001000008","AAV1.0.0.11","2.1.0.443","PSt7-10","170929-005","6/6/2018 9:09:52 AM","1443-01","0","no battery","V"
"07/06/2018","12:51:11","10","default","196169367","O10","14.361","min","165.338","μmol/L","Humid","20.129","deg","121816","µV","34.304","°C","1011.000","hPa","39.0","pmil","0","55.560","deg","20.000","°C","100.000","%a.s.","22.010","deg","20.000","°C","978.000","hPa","0.861","-0.02617","0.00035","0","0","13.56","Humid","62.83","1","54.00","229690.23","SABD0001000008","AAV1.0.0.11","2.1.0.443","PSt7-10","170929-005","6/6/2018 9:09:52 AM","1443-01","0","no battery","V"
"07/06/2018","12:51:12","10","default","196169367","O10","14.378","min","165.358","μmol/L","Humid","20.129","deg","121827","µV","34.300","°C","1011.000","hPa","39.0","pmil","0","55.560","deg","20.000","°C","100.000","%a.s.","22.010","deg","20.000","°C","978.000","hPa","0.861","-0.02617","0.00035","0","0","13.56","Humid","62.83","1","54.00","229699.48","SABD0001000008","AAV1.0.0.11","2.1.0.443","PSt7-10","170929-005","6/6/2018 9:09:52 AM","1443-01","0","no battery","V"
"07/06/2018","12:51:13","10","default","196169367","O10","14.394","min","165.322","μmol/L","Humid","20.131","deg","121822","µV","34.301","°C","1011.000","hPa","39.0","pmil","0","55.560","deg","20.000","°C","100.000","%a.s.","22.010","deg","20.000","°C","978.000","hPa","0.861","-0.02617","0.00035","0","0","13.56","Humid","62.83","1","54.00","229687.56","SABD0001000008","AAV1.0.0.11","2.1.0.443","PSt7-10","170929-005","6/6/2018 9:09:52 AM","1443-01","0","no battery","V"
"07/06/2018","12:51:14","10","default","196169367","O10","14.411","min","165.239","μmol/L","Humid","20.134","deg","121814","µV","34.308","°C","1011.000","hPa","39.0","pmil","0","55.560","deg","20.000","°C","100.000","%a.s.","22.010","deg","20.000","°C","978.000","hPa","0.861","-0.02617","0.00035","0","0","13.56","Humid","62.83","1","54.00","229688.76","SABD0001000008","AAV1.0.0.11","2.1.0.443","PSt7-10","170929-005","6/6/2018 9:09:52 AM","1443-01","0","no battery","V"
"07/06/2018","12:51:15","10","default","196169367","O10","14.428","min","165.291","μmol/L","Humid","20.132","deg","121825","µV","34.304","°C","1011.000","hPa","39.0","pmil","0","55.560","deg","20.000","°C","100.000","%a.s.","22.010","deg","20.000","°C","978.000","hPa","0.861","-0.02617","0.00035","0","0","13.56","Humid","62.83","1","54.00","229699.78","SABD0001000008","AAV1.0.0.11","2.1.0.443","PSt7-10","170929-005","6/6/2018 9:09:52 AM","1443-01","0","no battery","V"
"07/06/2018","12:51:16","10","default","196169367","O10","14.444","min","165.339","μmol/L","Humid","20.134","deg","121828","µV","34.291","°C","1011.000","hPa","39.0","pmil","0","55.560","deg","20.000","°C","100.000","%a.s.","22.010","deg","20.000","°C","978.000","hPa","0.861","-0.02617","0.00035","0","0","13.56","Humid","62.83","1","54.00","229704.72","SABD0001000008","AAV1.0.0.11","2.1.0.443","PSt7-10","170929-005","6/6/2018 9:09:52 AM","1443-01","0","no battery","V"
"07/06/2018","12:51:17","10","default","196169367","O10","14.461","min","165.323","μmol/L","Humid","20.134","deg","121830","µV","34.294","°C","1011.000","hPa","39.0","pmil","0","55.560","deg","20.000","°C","100.000","%a.s.","22.010","deg","20.000","°C","978.000","hPa","0.861","-0.02617","0.00035","0","0","13.56","Humid","62.83","1","54.00","229706.61","SABD0001000008","AAV1.0.0.11","2.1.0.443","PSt7-10","170929-005","6/6/2018 9:09:52 AM","1443-01","0","no battery","V"
"07/06/2018","12:51:18","10","default","196169367","O10","14.478","min","165.244","μmol/L","Humid","20.136","deg","121827","µV","34.302","°C","1011.000","hPa","39.0","pmil","0","55.560","deg","20.000","°C","100.000","%a.s.","22.010","deg","20.000","°C","978.000","hPa","0.861","-0.02617","0.00035","0","0","13.56","Humid","62.83","1","54.00","229705.82","SABD0001000008","AAV1.0.0.11","2.1.0.443","PSt7-10","170929-005","6/6/2018 9:09:52 AM","1443-01","0","no battery","V"
"07/06/2018","12:51:19","10","default","196169367","O10","14.494","min","165.279","μmol/L","Humid","20.131","deg","121827","µV","34.309","°C","1011.000","hPa","39.0","pmil","0","55.560","deg","20.000","°C","100.000","%a.s.","22.010","deg","20.000","°C","978.000","hPa","0.861","-0.02617","0.00035","0","0","13.56","Humid","62.83","1","54.00","229697.33","SABD0001000008","AAV1.0.0.11","2.1.0.443","PSt7-10","170929-005","6/6/2018 9:09:52 AM","1443-01","0","no battery","V"
"07/06/2018","12:51:20","10","default","196169367","O10","14.512","min","165.187","μmol/L","Humid","20.137","deg","121834","µV","34.309","°C","1011.000","hPa","39.0","pmil","0","55.560","deg","20.000","°C","100.000","%a.s.","22.010","deg","20.000","°C","978.000","hPa","0.861","-0.02617","0.00035","0","0","13.56","Humid","62.83","1","54.00","229694.79","SABD0001000008","AAV1.0.0.11","2.1.0.443","PSt7-10","170929-005","6/6/2018 9:09:52 AM","1443-01","0","no battery","V"
"07/06/2018","12:51:21","10","default","196169367","O10","14.528","min","165.294","μmol/L","Humid","20.135","deg","121835","µV","34.296","°C","1011.000","hPa","39.0","pmil","0","55.560","deg","20.000","°C","100.000","%a.s.","22.010","deg","20.000","°C","978.000","hPa","0.861","-0.02617","0.00035","0","0","13.56","Humid","62.83","1","54.00","229696.08","SABD0001000008","AAV1.0.0.11","2.1.0.443","PSt7-10","170929-005","6/6/2018 9:09:52 AM","1443-01","0","no battery","V"
"07/06/2018","12:51:22","10","default","196169367","O10","14.544","min","165.199","μmol/L","Humid","20.136","deg","121841","µV","34.309","°C","1011.000","hPa","39.0","pmil","0","55.560","deg","20.000","°C","100.000","%a.s.","22.010","deg","20.000","°C","978.000","hPa","0.861","-0.02617","0.00035","0","0","13.56","Humid","62.83","1","54.00","229695.94","SABD0001000008","AAV1.0.0.11","2.1.0.443","PSt7-10","170929-005","6/6/2018 9:09:52 AM","1443-01","0","no battery","V"
"07/06/2018","12:51:23","10","default","196169367","O10","14.561","min","165.207","μmol/L","Humid","20.137","deg","121844","µV","34.305","°C","1011.000","hPa","39.0","pmil","0","55.560","deg","20.000","°C","100.000","%a.s.","22.010","deg","20.000","°C","978.000","hPa","0.861","-0.02617","0.00035","0","0","13.56","Humid","62.83","1","54.00","229695.13","SABD0001000008","AAV1.0.0.11","2.1.0.443","PSt7-10","170929-005","6/6/2018 9:09:52 AM","1443-01","0","no battery","V"
"07/06/2018","12:51:24","10","default","196169367","O10","14.577","min","165.312","μmol/L","Humid","20.136","deg","121840","µV","34.290","°C","1011.000","hPa","39.0","pmil","0","55.560","deg","20.000","°C","100.000","%a.s.","22.010","deg","20.000","°C","978.000","hPa","0.861","-0.02617","0.00035","0","0","13.56","Humid","62.83","1","54.00","229700.48","SABD0001000008","AAV1.0.0.11","2.1.0.443","PSt7-10","170929-005","6/6/2018 9:09:52 AM","1443-01","0","no battery","V"
"07/06/2018","12:51:25","10","default","196169367","O10","14.595","min","165.299","μmol/L","Humid","20.138","deg","121851","µV","34.288","°C","1011.000","hPa","39.0","pmil","0","55.560","deg","20.000","°C","100.000","%a.s.","22.010","deg","20.000","°C","978.000","hPa","0.861","-0.02617","0.00035","0","0","13.56","Humid","62.83","1","54.00","229709.19","SABD0001000008","AAV1.0.0.11","2.1.0.443","PSt7-10","170929-005","6/6/2018 9:09:52 AM","1443-01","0","no battery","V"
"07/06/2018","12:51:26","10","default","196169367","O10","14.611","min","165.285","μmol/L","Humid","20.137","deg","121850","µV","34.292","°C","1011.000","hPa","39.0","pmil","0","55.560","deg","20.000","°C","100.000","%a.s.","22.010","deg","20.000","°C","978.000","hPa","0.861","-0.02617","0.00035","0","0","13.56","Humid","62.83","1","54.00","229693.10","SABD0001000008","AAV1.0.0.11","2.1.0.443","PSt7-10","170929-005","6/6/2018 9:09:52 AM","1443-01","0","no battery","V"
"07/06/2018","12:51:27","10","default","196169367","O10","14.627","min","165.326","μmol/L","Humid","20.138","deg","121857","µV","34.283","°C","1011.000","hPa","39.0","pmil","0","55.560","deg","20.000","°C","100.000","%a.s.","22.010","deg","20.000","°C","978.000","hPa","0.861","-0.02617","0.00035","0","0","13.56","Humid","62.83","1","54.00","229702.42","SABD0001000008","AAV1.0.0.11","2.1.0.443","PSt7-10","170929-005","6/6/2018 9:09:52 AM","1443-01","0","no battery","V"
"07/06/2018","12:51:28","10","default","196169367","O10","14.644","min","165.189","μmol/L","Humid","20.135","deg","121862","µV","34.314","°C","1011.000","hPa","39.0","pmil","0","55.560","deg","20.000","°C","100.000","%a.s.","22.010","deg","20.000","°C","978.000","hPa","0.861","-0.02617","0.00035","0","0","13.56","Humid","62.83","1","54.00","229700.88","SABD0001000008","AAV1.0.0.11","2.1.0.443","PSt7-10","170929-005","6/6/2018 9:09:52 AM","1443-01","0","no battery","V"
"07/06/2018","12:51:29","10","default","196169367","O10","14.661","min","165.091","μmol/L","Humid","20.143","deg","121867","µV","34.310","°C","1011.000","hPa","39.0","pmil","0","55.560","deg","20.000","°C","100.000","%a.s.","22.010","deg","20.000","°C","978.000","hPa","0.861","-0.02617","0.00035","0","0","13.56","Humid","62.83","1","54.00","229703.67","SABD0001000008","AAV1.0.0.11","2.1.0.443","PSt7-10","170929-005","6/6/2018 9:09:52 AM","1443-01","0","no battery","V"
"07/06/2018","12:51:30","10","default","196169367","O10","14.677","min","165.190","μmol/L","Humid","20.139","deg","121857","µV","34.303","°C","1011.000","hPa","39.0","pmil","0","55.560","deg","20.000","°C","100.000","%a.s.","22.010","deg","20.000","°C","978.000","hPa","0.861","-0.02617","0.00035","0","0","13.56","Humid","62.83","1","54.00","229697.73","SABD0001000008","AAV1.0.0.11","2.1.0.443","PSt7-10","170929-005","6/6/2018 9:09:52 AM","1443-01","0","no battery","V"
"07/06/2018","12:51:31","10","default","196169367","O10","14.694","min","165.143","μmol/L","Humid","20.140","deg","121866","µV","34.309","°C","1011.000","hPa","39.0","pmil","0","55.560","deg","20.000","°C","100.000","%a.s.","22.010","deg","20.000","°C","978.000","hPa","0.861","-0.02617","0.00035","0","0","13.56","Humid","62.83","1","54.00","229690.59","SABD0001000008","AAV1.0.0.11","2.1.0.443","PSt7-10","170929-005","6/6/2018 9:09:52 AM","1443-01","0","no battery","V"
"07/06/2018","12:51:32","10","default","196169367","O10","14.711","min","165.121","μmol/L","Humid","20.141","deg","121872","µV","34.310","°C","1011.000","hPa","39.0","pmil","0","55.560","deg","20.000","°C","100.000","%a.s.","22.010","deg","20.000","°C","978.000","hPa","0.861","-0.02617","0.00035","0","0","13.56","Humid","62.83","1","54.00","229698.85","SABD0001000008","AAV1.0.0.11","2.1.0.443","PSt7-10","170929-005","6/6/2018 9:09:52 AM","1443-01","0","no battery","V"
"07/06/2018","12:51:33","10","default","196169367","O10","14.728","min","165.095","μmol/L","Humid","20.143","deg","121872","µV","34.309","°C","1011.000","hPa","39.0","pmil","0","55.560","deg","20.000","°C","100.000","%a.s.","22.010","deg","20.000","°C","978.000","hPa","0.861","-0.02617","0.00035","0","0","13.56","Humid","62.83","1","54.00","229698.56","SABD0001000008","AAV1.0.0.11","2.1.0.443","PSt7-10","170929-005","6/6/2018 9:09:52 AM","1443-01","0","no battery","V"
"07/06/2018","12:51:34","10","default","196169367","O10","14.745","min","165.157","μmol/L","Humid","20.142","deg","121870","µV","34.301","°C","1011.000","hPa","39.0","pmil","0","55.560","deg","20.000","°C","100.000","%a.s.","22.010","deg","20.000","°C","978.000","hPa","0.861","-0.02617","0.00035","0","0","13.56","Humid","62.83","1","54.00","229705.97","SABD0001000008","AAV1.0.0.11","2.1.0.443","PSt7-10","170929-005","6/6/2018 9:09:52 AM","1443-01","0","no battery","V"
"07/06/2018","12:51:35","10","default","196169367","O10","14.761","min","165.161","μmol/L","Humid","20.140","deg","121879","µV","34.306","°C","1011.000","hPa","39.0","pmil","0","55.560","deg","20.000","°C","100.000","%a.s.","22.010","deg","20.000","°C","978.000","hPa","0.861","-0.02617","0.00035","0","0","13.56","Humid","62.83","1","54.00","229704.40","SABD0001000008","AAV1.0.0.11","2.1.0.443","PSt7-10","170929-005","6/6/2018 9:09:52 AM","1443-01","0","no battery","V"
"07/06/2018","12:51:36","10","default","196169367","O10","14.778","min","165.076","μmol/L","Humid","20.145","deg","121881","µV","34.307","°C","1011.000","hPa","39.0","pmil","0","55.560","deg","20.000","°C","100.000","%a.s.","22.010","deg","20.000","°C","978.000","hPa","0.861","-0.02617","0.00035","0","0","13.56","Humid","62.83","1","54.00","229704.89","SABD0001000008","AAV1.0.0.11","2.1.0.443","PSt7-10","170929-005","6/6/2018 9:09:52 AM","1443-01","0","no battery","V"
"07/06/2018","12:51:37","10","default","196169367","O10","14.794","min","165.185","μmol/L","Humid","20.140","deg","121877","µV","34.302","°C","1011.000","hPa","39.0","pmil","0","55.560","deg","20.000","°C","100.000","%a.s.","22.010","deg","20.000","°C","978.000","hPa","0.861","-0.02617","0.00035","0","0","13.56","Humid","62.83","1","54.00","229701.75","SABD0001000008","AAV1.0.0.11","2.1.0.443","PSt7-10","170929-005","6/6/2018 9:09:52 AM","1443-01","0","no battery","V"
"07/06/2018","12:51:38","10","default","196169367","O10","14.811","min","165.192","μmol/L","Humid","20.142","deg","121874","µV","34.294","°C","1010.000","hPa","39.0","pmil","0","55.560","deg","20.000","°C","100.000","%a.s.","22.010","deg","20.000","°C","978.000","hPa","0.861","-0.02617","0.00035","0","0","13.56","Humid","62.83","1","54.00","229698.82","SABD0001000008","AAV1.0.0.11","2.1.0.443","PSt7-10","170929-005","6/6/2018 9:09:52 AM","1443-01","0","no battery","V"
"07/06/2018","12:51:39","10","default","196169367","O10","14.827","min","165.121","μmol/L","Humid","20.146","deg","121878","µV","34.297","°C","1011.000","hPa","39.0","pmil","0","55.560","deg","20.000","°C","100.000","%a.s.","22.010","deg","20.000","°C","978.000","hPa","0.861","-0.02617","0.00035","0","0","13.56","Humid","62.83","1","54.00","229695.21","SABD0001000008","AAV1.0.0.11","2.1.0.443","PSt7-10","170929-005","6/6/2018 9:09:52 AM","1443-01","0","no battery","V"
"07/06/2018","12:51:40","10","default","196169367","O10","14.845","min","165.100","μmol/L","Humid","20.143","deg","121891","µV","34.308","°C","1011.000","hPa","39.0","pmil","0","55.560","deg","20.000","°C","100.000","%a.s.","22.010","deg","20.000","°C","978.000","hPa","0.861","-0.02617","0.00035","0","0","13.56","Humid","62.83","1","54.00","229693.82","SABD0001000008","AAV1.0.0.11","2.1.0.443","PSt7-10","170929-005","6/6/2018 9:09:52 AM","1443-01","0","no battery","V"
"07/06/2018","12:51:41","10","default","196169367","O10","14.861","min","165.037","μmol/L","Humid","20.145","deg","121882","µV","34.314","°C","1011.000","hPa","39.0","pmil","0","55.560","deg","20.000","°C","100.000","%a.s.","22.010","deg","20.000","°C","978.000","hPa","0.861","-0.02617","0.00035","0","0","13.56","Humid","62.83","1","54.00","229686.60","SABD0001000008","AAV1.0.0.11","2.1.0.443","PSt7-10","170929-005","6/6/2018 9:09:52 AM","1443-01","0","no battery","V"
"07/06/2018","12:51:42","10","default","196169367","O10","14.878","min","164.988","μmol/L","Humid","20.148","deg","121890","µV","34.315","°C","1011.000","hPa","39.0","pmil","0","55.560","deg","20.000","°C","100.000","%a.s.","22.010","deg","20.000","°C","978.000","hPa","0.861","-0.02617","0.00035","0","0","13.56","Humid","62.83","1","54.00","229695.41","SABD0001000008","AAV1.0.0.11","2.1.0.443","PSt7-10","170929-005","6/6/2018 9:09:52 AM","1443-01","0","no battery","V"
"07/06/2018","12:51:43","10","default","196169367","O10","14.894","min","165.111","μmol/L","Humid","20.141","deg","121896","µV","34.312","°C","1011.000","hPa","39.0","pmil","0","55.560","deg","20.000","°C","100.000","%a.s.","22.010","deg","20.000","°C","978.000","hPa","0.861","-0.02617","0.00035","0","0","13.56","Humid","62.83","1","54.00","229705.85","SABD0001000008","AAV1.0.0.11","2.1.0.443","PSt7-10","170929-005","6/6/2018 9:09:52 AM","1443-01","0","no battery","V"
"07/06/2018","12:51:44","10","default","196169367","O10","14.911","min","165.014","μmol/L","Humid","20.149","deg","121900","µV","34.308","°C","1011.000","hPa","39.0","pmil","0","55.560","deg","20.000","°C","100.000","%a.s.","22.010","deg","20.000","°C","978.000","hPa","0.861","-0.02617","0.00035","0","0","13.56","Humid","62.83","1","54.00","229707.67","SABD0001000008","AAV1.0.0.11","2.1.0.443","PSt7-10","170929-005","6/6/2018 9:09:52 AM","1443-01","0","no battery","V"
"07/06/2018","12:51:45","10","default","196169367","O10","14.928","min","165.094","μmol/L","Humid","20.144","deg","121888","µV","34.307","°C","1011.000","hPa","39.0","pmil","0","55.560","deg","20.000","°C","100.000","%a.s.","22.010","deg","20.000","°C","978.000","hPa","0.861","-0.02617","0.00035","0","0","13.56","Humid","62.83","1","54.00","229706.06","SABD0001000008","AAV1.0.0.11","2.1.0.443","PSt7-10","170929-005","6/6/2018 9:09:52 AM","1443-01","0","no battery","V"
"07/06/2018","12:51:46","10","default","196169367","O10","14.944","min","165.095","μmol/L","Humid","20.144","deg","121895","µV","34.307","°C","1011.000","hPa","39.0","pmil","0","55.560","deg","20.000","°C","100.000","%a.s.","22.010","deg","20.000","°C","978.000","hPa","0.861","-0.02617","0.00035","0","0","13.56","Humid","62.83","1","54.00","229703.22","SABD0001000008","AAV1.0.0.11","2.1.0.443","PSt7-10","170929-005","6/6/2018 9:09:52 AM","1443-01","0","no battery","V"
"07/06/2018","12:51:47","10","default","196169367","O10","14.961","min","164.964","μmol/L","Humid","20.144","deg","121897","µV","34.329","°C","1011.000","hPa","39.0","pmil","0","55.560","deg","20.000","°C","100.000","%a.s.","22.010","deg","20.000","°C","978.000","hPa","0.861","-0.02617","0.00035","0","0","13.56","Humid","62.83","1","54.00","229696.34","SABD0001000008","AAV1.0.0.11","2.1.0.443","PSt7-10","170929-005","6/6/2018 9:09:52 AM","1443-01","0","no battery","V"
"07/06/2018","12:51:48","10","default","196169367","O10","14.978","min","164.974","μmol/L","Humid","20.146","deg","121889","µV","34.322","°C","1011.000","hPa","39.0","pmil","0","55.560","deg","20.000","°C","100.000","%a.s.","22.010","deg","20.000","°C","978.000","hPa","0.861","-0.02617","0.00035","0","0","13.56","Humid","62.83","1","54.00","229699.45","SABD0001000008","AAV1.0.0.11","2.1.0.443","PSt7-10","170929-005","6/6/2018 9:09:52 AM","1443-01","0","no battery","V"
"07/06/2018","12:51:49","10","default","196169367","O10","14.994","min","165.018","μmol/L","Humid","20.146","deg","121898","µV","34.313","°C","1010.000","hPa","39.0","pmil","0","55.560","deg","20.000","°C","100.000","%a.s.","22.010","deg","20.000","°C","978.000","hPa","0.861","-0.02617","0.00035","0","0","13.56","Humid","62.83","1","54.00","229688.83","SABD0001000008","AAV1.0.0.11","2.1.0.443","PSt7-10","170929-005","6/6/2018 9:09:52 AM","1443-01","0","no battery","V"
"07/06/2018","12:51:50","10","default","196169367","O10","15.011","min","165.044","μmol/L","Humid","20.146","deg","121913","µV","34.310","°C","1011.000","hPa","39.0","pmil","0","55.560","deg","20.000","°C","100.000","%a.s.","22.010","deg","20.000","°C","978.000","hPa","0.861","-0.02617","0.00035","0","0","13.56","Humid","62.83","1","54.00","229704.13","SABD0001000008","AAV1.0.0.11","2.1.0.443","PSt7-10","170929-005","6/6/2018 9:09:52 AM","1443-01","0","no battery","V"
"07/06/2018","12:51:51","10","default","196169367","O10","15.028","min","165.021","μmol/L","Humid","20.148","deg","121902","µV","34.309","°C","1011.000","hPa","39.0","pmil","0","55.560","deg","20.000","°C","100.000","%a.s.","22.010","deg","20.000","°C","978.000","hPa","0.861","-0.02617","0.00035","0","0","13.56","Humid","62.83","1","54.00","229707.24","SABD0001000008","AAV1.0.0.11","2.1.0.443","PSt7-10","170929-005","6/6/2018 9:09:52 AM","1443-01","0","no battery","V"
"07/06/2018","12:51:52","10","default","196169367","O10","15.045","min","164.924","μmol/L","Humid","20.151","deg","121915","µV","34.318","°C","1011.000","hPa","39.0","pmil","0","55.560","deg","20.000","°C","100.000","%a.s.","22.010","deg","20.000","°C","978.000","hPa","0.861","-0.02617","0.00035","0","0","13.56","Humid","62.83","1","54.00","229704.28","SABD0001000008","AAV1.0.0.11","2.1.0.443","PSt7-10","170929-005","6/6/2018 9:09:52 AM","1443-01","0","no battery","V"
"07/06/2018","12:51:53","10","default","196169367","O10","15.061","min","164.956","μmol/L","Humid","20.147","deg","121914","µV","34.322","°C","1011.000","hPa","39.0","pmil","0","55.560","deg","20.000","°C","100.000","%a.s.","22.010","deg","20.000","°C","978.000","hPa","0.861","-0.02617","0.00035","0","0","13.56","Humid","62.83","1","54.00","229706.02","SABD0001000008","AAV1.0.0.11","2.1.0.443","PSt7-10","170929-005","6/6/2018 9:09:52 AM","1443-01","0","no battery","V"
"07/06/2018","12:51:54","10","default","196169367","O10","15.078","min","165.035","μmol/L","Humid","20.148","deg","121911","µV","34.305","°C","1010.000","hPa","39.0","pmil","0","55.560","deg","20.000","°C","100.000","%a.s.","22.010","deg","20.000","°C","978.000","hPa","0.861","-0.02617","0.00035","0","0","13.56","Humid","62.83","1","54.00","229690.68","SABD0001000008","AAV1.0.0.11","2.1.0.443","PSt7-10","170929-005","6/6/2018 9:09:52 AM","1443-01","0","no battery","V"
"07/06/2018","12:51:55","10","default","196169367","O10","15.094","min","165.019","μmol/L","Humid","20.149","deg","121918","µV","34.307","°C","1011.000","hPa","39.0","pmil","0","55.560","deg","20.000","°C","100.000","%a.s.","22.010","deg","20.000","°C","978.000","hPa","0.861","-0.02617","0.00035","0","0","13.56","Humid","62.83","1","54.00","229700.41","SABD0001000008","AAV1.0.0.11","2.1.0.443","PSt7-10","170929-005","6/6/2018 9:09:52 AM","1443-01","0","no battery","V"
"07/06/2018","12:51:56","10","default","196169367","O10","15.111","min","165.070","μmol/L","Humid","20.147","deg","121914","µV","34.303","°C","1011.000","hPa","39.0","pmil","0","55.560","deg","20.000","°C","100.000","%a.s.","22.010","deg","20.000","°C","978.000","hPa","0.861","-0.02617","0.00035","0","0","13.56","Humid","62.83","1","54.00","229704.40","SABD0001000008","AAV1.0.0.11","2.1.0.443","PSt7-10","170929-005","6/6/2018 9:09:52 AM","1443-01","0","no battery","V"
"07/06/2018","12:51:57","10","default","196169367","O10","15.128","min","164.918","μmol/L","Humid","20.150","deg","121919","µV","34.321","°C","1011.000","hPa","39.0","pmil","0","55.560","deg","20.000","°C","100.000","%a.s.","22.010","deg","20.000","°C","978.000","hPa","0.861","-0.02617","0.00035","0","0","13.56","Humid","62.83","1","54.00","229700.37","SABD0001000008","AAV1.0.0.11","2.1.0.443","PSt7-10","170929-005","6/6/2018 9:09:52 AM","1443-01","0","no battery","V"
"07/06/2018","12:51:58","10","default","196169367","O10","15.145","min","164.967","μmol/L","Humid","20.148","deg","121929","µV","34.317","°C","1010.000","hPa","39.0","pmil","0","55.560","deg","20.000","°C","100.000","%a.s.","22.010","deg","20.000","°C","978.000","hPa","0.861","-0.02617","0.00035","0","0","13.56","Humid","62.83","1","54.00","229692.75","SABD0001000008","AAV1.0.0.11","2.1.0.443","PSt7-10","170929-005","6/6/2018 9:09:52 AM","1443-01","0","no battery","V"
"07/06/2018","12:51:59","10","default","196169367","O10","15.161","min","164.915","μmol/L","Humid","20.154","deg","121936","µV","34.310","°C","1010.000","hPa","39.0","pmil","0","55.560","deg","20.000","°C","100.000","%a.s.","22.010","deg","20.000","°C","978.000","hPa","0.861","-0.02617","0.00035","0","0","13.56","Humid","62.83","1","54.00","229691.86","SABD0001000008","AAV1.0.0.11","2.1.0.443","PSt7-10","170929-005","6/6/2018 9:09:52 AM","1443-01","0","no battery","V"
"07/06/2018","12:52:00","10","default","196169367","O10","15.178","min","164.960","μmol/L","Humid","20.149","deg","121939","µV","34.315","°C","1010.000","hPa","39.0","pmil","0","55.560","deg","20.000","°C","100.000","%a.s.","22.010","deg","20.000","°C","978.000","hPa","0.861","-0.02617","0.00035","0","0","13.56","Humid","62.83","1","54.00","229695.11","SABD0001000008","AAV1.0.0.11","2.1.0.443","PSt7-10","170929-005","6/6/2018 9:09:52 AM","1443-01","0","no battery","V"
"07/06/2018","12:52:01","10","default","196169367","O10","15.195","min","164.971","μmol/L","Humid","20.150","deg","121939","µV","34.311","°C","1010.000","hPa","39.0","pmil","0","55.560","deg","20.000","°C","100.000","%a.s.","22.010","deg","20.000","°C","978.000","hPa","0.861","-0.02617","0.00035","0","0","13.56","Humid","62.83","1","54.00","229700.35","SABD0001000008","AAV1.0.0.11","2.1.0.443","PSt7-10","170929-005","6/6/2018 9:09:52 AM","1443-01","0","no battery","V"
"07/06/2018","12:52:02","10","default","196169367","O10","15.211","min","164.936","μmol/L","Humid","20.153","deg","121935","µV","34.311","°C","1011.000","hPa","39.0","pmil","0","55.560","deg","20.000","°C","100.000","%a.s.","22.010","deg","20.000","°C","978.000","hPa","0.861","-0.02617","0.00035","0","0","13.56","Humid","62.83","1","54.00","229707.03","SABD0001000008","AAV1.0.0.11","2.1.0.443","PSt7-10","170929-005","6/6/2018 9:09:52 AM","1443-01","0","no battery","V"
"07/06/2018","12:52:03","10","default","196169367","O10","15.228","min","164.960","μmol/L","Humid","20.153","deg","121937","µV","34.307","°C","1011.000","hPa","39.0","pmil","0","55.560","deg","20.000","°C","100.000","%a.s.","22.010","deg","20.000","°C","978.000","hPa","0.861","-0.02617","0.00035","0","0","13.56","Humid","62.83","1","54.00","229689.73","SABD0001000008","AAV1.0.0.11","2.1.0.443","PSt7-10","170929-005","6/6/2018 9:09:52 AM","1443-01","0","no battery","V"
"07/06/2018","12:52:04","10","default","196169367","O10","15.245","min","165.024","μmol/L","Humid","20.151","deg","121941","µV","34.301","°C","1011.000","hPa","39.0","pmil","0","55.560","deg","20.000","°C","100.000","%a.s.","22.010","deg","20.000","°C","978.000","hPa","0.861","-0.02617","0.00035","0","0","13.56","Humid","62.83","1","54.00","229702.24","SABD0001000008","AAV1.0.0.11","2.1.0.443","PSt7-10","170929-005","6/6/2018 9:09:52 AM","1443-01","0","no battery","V"
"07/06/2018","12:52:05","10","default","196169367","O10","15.261","min","164.929","μmol/L","Humid","20.151","deg","121940","µV","34.315","°C","1010.000","hPa","39.0","pmil","0","55.560","deg","20.000","°C","100.000","%a.s.","22.010","deg","20.000","°C","978.000","hPa","0.861","-0.02617","0.00035","0","0","13.56","Humid","62.83","1","54.00","229695.05","SABD0001000008","AAV1.0.0.11","2.1.0.443","PSt7-10","170929-005","6/6/2018 9:09:52 AM","1443-01","0","no battery","V"
"07/06/2018","12:52:06","10","default","196169367","O10","15.277","min","164.821","μmol/L","Humid","20.155","deg","121940","µV","34.325","°C","1011.000","hPa","39.0","pmil","0","55.560","deg","20.000","°C","100.000","%a.s.","22.010","deg","20.000","°C","978.000","hPa","0.861","-0.02617","0.00035","0","0","13.56","Humid","62.83","1","54.00","229700.09","SABD0001000008","AAV1.0.0.11","2.1.0.443","PSt7-10","170929-005","6/6/2018 9:09:52 AM","1443-01","0","no battery","V"
"07/06/2018","12:52:07","10","default","196169367","O10","15.294","min","164.949","μmol/L","Humid","20.150","deg","121951","µV","34.315","°C","1010.000","hPa","39.0","pmil","0","55.560","deg","20.000","°C","100.000","%a.s.","22.010","deg","20.000","°C","978.000","hPa","0.861","-0.02617","0.00035","0","0","13.56","Humid","62.83","1","54.00","229696.55","SABD0001000008","AAV1.0.0.11","2.1.0.443","PSt7-10","170929-005","6/6/2018 9:09:52 AM","1443-01","0","no battery","V"
"07/06/2018","12:52:08","10","default","196169367","O10","15.312","min","164.794","μmol/L","Humid","20.153","deg","121960","µV","34.333","°C","1010.000","hPa","39.0","pmil","0","55.560","deg","20.000","°C","100.000","%a.s.","22.010","deg","20.000","°C","978.000","hPa","0.861","-0.02617","0.00035","0","0","13.56","Humid","62.83","1","54.00","229702.17","SABD0001000008","AAV1.0.0.11","2.1.0.443","PSt7-10","170929-005","6/6/2018 9:09:52 AM","1443-01","0","no battery","V"
"07/06/2018","12:52:09","10","default","196169367","O10","15.328","min","164.905","μmol/L","Humid","20.153","deg","121949","µV","34.314","°C","1010.000","hPa","39.0","pmil","0","55.560","deg","20.000","°C","100.000","%a.s.","22.010","deg","20.000","°C","978.000","hPa","0.861","-0.02617","0.00035","0","0","13.56","Humid","62.83","1","54.00","229701.82","SABD0001000008","AAV1.0.0.11","2.1.0.443","PSt7-10","170929-005","6/6/2018 9:09:52 AM","1443-01","0","no battery","V"
"07/06/2018","12:52:10","10","default","196169367","O10","15.345","min","164.873","μmol/L","Humid","20.154","deg","121955","µV","34.317","°C","1010.000","hPa","39.0","pmil","0","55.560","deg","20.000","°C","100.000","%a.s.","22.010","deg","20.000","°C","978.000","hPa","0.861","-0.02617","0.00035","0","0","13.56","Humid","62.83","1","54.00","229693.71","SABD0001000008","AAV1.0.0.11","2.1.0.443","PSt7-10","170929-005","6/6/2018 9:09:52 AM","1443-01","0","no battery","V"
"07/06/2018","12:52:11","10","default","196169367","O10","15.361","min","164.886","μmol/L","Humid","20.152","deg","121959","µV","34.320","°C","1010.000","hPa","39.0","pmil","0","55.560","deg","20.000","°C","100.000","%a.s.","22.010","deg","20.000","°C","978.000","hPa","0.861","-0.02617","0.00035","0","0","13.56","Humid","62.83","1","54.00","229697.84","SABD0001000008","AAV1.0.0.11","2.1.0.443","PSt7-10","170929-005","6/6/2018 9:09:52 AM","1443-01","0","no battery","V"
"07/06/2018","12:52:12","10","default","196169367","O10","15.378","min","164.714","μmol/L","Humid","20.158","deg","121959","µV","34.334","°C","1010.000","hPa","39.0","pmil","0","55.560","deg","20.000","°C","100.000","%a.s.","22.010","deg","20.000","°C","978.000","hPa","0.861","-0.02617","0.00035","0","0","13.56","Humid","62.83","1","54.00","229706.04","SABD0001000008","AAV1.0.0.11","2.1.0.443","PSt7-10","170929-005","6/6/2018 9:09:52 AM","1443-01","0","no battery","V"
"07/06/2018","12:52:13","10","default","196169367","O10","15.395","min","164.846","μmol/L","Humid","20.157","deg","121969","µV","34.316","°C","1011.000","hPa","39.0","pmil","0","55.560","deg","20.000","°C","100.000","%a.s.","22.010","deg","20.000","°C","978.000","hPa","0.861","-0.02617","0.00035","0","0","13.56","Humid","62.83","1","54.00","229711.98","SABD0001000008","AAV1.0.0.11","2.1.0.443","PSt7-10","170929-005","6/6/2018 9:09:52 AM","1443-01","0","no battery","V"
"07/06/2018","12:52:14","10","default","196169367","O10","15.411","min","164.807","μmol/L","Humid","20.156","deg","121958","µV","34.325","°C","1011.000","hPa","39.0","pmil","0","55.560","deg","20.000","°C","100.000","%a.s.","22.010","deg","20.000","°C","978.000","hPa","0.861","-0.02617","0.00035","0","0","13.56","Humid","62.83","1","54.00","229707.24","SABD0001000008","AAV1.0.0.11","2.1.0.443","PSt7-10","170929-005","6/6/2018 9:09:52 AM","1443-01","0","no battery","V"
"07/06/2018","12:52:15","10","default","196169367","O10","15.428","min","164.827","μmol/L","Humid","20.155","deg","121961","µV","34.323","°C","1010.000","hPa","39.0","pmil","0","55.560","deg","20.000","°C","100.000","%a.s.","22.010","deg","20.000","°C","978.000","hPa","0.861","-0.02617","0.00035","0","0","13.56","Humid","62.83","1","54.00","229695.02","SABD0001000008","AAV1.0.0.11","2.1.0.443","PSt7-10","170929-005","6/6/2018 9:09:52 AM","1443-01","0","no battery","V"
"07/06/2018","12:52:16","10","default","196169367","O10","15.445","min","164.827","μmol/L","Humid","20.158","deg","121968","µV","34.316","°C","1011.000","hPa","39.0","pmil","0","55.560","deg","20.000","°C","100.000","%a.s.","22.010","deg","20.000","°C","978.000","hPa","0.861","-0.02617","0.00035","0","0","13.56","Humid","62.83","1","54.00","229705.24","SABD0001000008","AAV1.0.0.11","2.1.0.443","PSt7-10","170929-005","6/6/2018 9:09:52 AM","1443-01","0","no battery","V"
"07/06/2018","12:52:17","10","default","196169367","O10","15.462","min","164.777","μmol/L","Humid","20.157","deg","121998","µV","34.326","°C","1010.000","hPa","39.0","pmil","0","55.560","deg","20.000","°C","100.000","%a.s.","22.010","deg","20.000","°C","978.000","hPa","0.861","-0.02617","0.00035","0","0","13.56","Humid","62.83","1","54.00","229707.47","SABD0001000008","AAV1.0.0.11","2.1.0.443","PSt7-10","170929-005","6/6/2018 9:09:52 AM","1443-01","0","no battery","V"

"Date","Time","delta_t","Device_Serial","Channel","User","Annotation"
